60
0 20 95 95 28 15 87 37 66 62 22 44 81 79 64 85 91 28 58 46 46 40 31 82 79 69 96 34 84 81 67 35 76 31 55 97 103 36 9 94 32 82 63 16 108 103 45 63 42 112 57 111 58 28 36 94 21 26 67 81
20 0 76 77 31 33 87 36 47 64 10 34 66 92 49 93 77 17 77 58 66 61 12 61 81 64 86 54 76 91 46 24 84 29 36 84 83 57 30 80 21 75 83 36 88 83 32 42 46 92 42 93 67 10 34 73 6 26 52 97
95 76 0 2 81 109 92 104 68 129 72 92 25 132 34 163 28 68 153 133 130 134 64 30 93 65 123 120 57 125 38 62 155 98 39 106 60 128 103 32 64 58 154 107 66 19 84 36 84 44 82 17 139 76 75 45 73 79 34 146
95 77 2 0 81 110 90 105 70 130 73 93 24 131 34 164 26 68 154 134 130 135 65 32 92 64 125 120 56 124 40 62 156 99 40 109 62 128 103 30 64 56 154 107 68 21 86 37 83 46 83 16 140 77 75 47 74 79 33 146
28 31 81 81 0 42 59 62 76 89 21 65 62 62 47 113 71 18 80 74 48 57 32 78 51 42 117 38 57 61 65 21 104 55 47 115 106 49 30 72 20 56 73 30 112 95 63 58 15 110 73 96 86 41 8 94 25 4 49 70
15 33 109 110 42 0 100 33 73 53 37 45 97 85 80 71 107 43 43 32 44 30 45 94 91 84 94 33 99 89 79 51 62 29 70 98 112 28 12 109 48 98 54 17 116 117 49 76 56 124 61 126 44 37 50 104 36 41 82 83
87 87 92 90 59 100 0 122 123 149 76 122 67 53 66 171 66 70 132 132 83 105 83 107 9 29 173 82 35 42 100 66 162 115 80 166 141 96 88 64 68 34 111 85 148 111 119 91 44 134 126 97 144 97 53 126 81 62 63 73
37 36 104 105 62 33 122 0 49 28 46 16 99 116 82 59 110 53 62 32 77 60 45 81 114 99 61 66 112 118 67 60 50 7 67 66 89 60 41 114 57 111 84 49 92 106 23 68 78 106 33 122 35 29 68 86 42 59 86 116
66 47 68 70 76 73 123 49 0 66 55 33 75 139 63 102 85 58 111 81 113 103 43 39 119 95 55 100 100 137 31 59 95 47 45 43 40 101 75 89 58 100 127 82 43 63 26 37 89 58 16 85 83 38 77 37 51 72 67 145
62 64 129 130 89 53 149 28 66 0 74 36 126 138 110 35 137 81 63 31 95 72 73 103 141 127 51 85 140 142 91 88 29 35 93 65 104 75 64 141 85 139 93 70 105 128 44 93 104 124 49 146 23 57 96 104 70 86 114 135
22 10 72 73 21 37 76 46 55 74 0 45 59 84 42 102 69 7 81 65 62 62 12 61 70 53 97 50 66 82 47 14 93 39 33 93 87 56 30 72 11 65 83 35 92 82 42 42 36 93 51 89 75 20 24 76 4 17 45 90
44 34 92 93 65 45 122 16 33 36 45 0 90 123 75 71 101 51 78 48 88 74 40 67 115 97 53 77 107 124 54 56 63 16 57 54 73 73 50 105 54 106 98 58 76 92 7 56 80 91 17 110 50 24 69 70 40 61 79 125
81 66 25 24 62 97 67 99 75 126 59 90 0 107 17 158 11 53 140 124 110 118 54 44 67 40 130 101 33 100 44 46 149 93 33 117 79 111 88 15 49 33 136 91 85 44 84 37 61 68 85 34 132 69 54 63 61 60 14 123
79 92 132 131 62 85 53 116 139 138 84 123 107 0 99 151 111 81 100 113 47 74 95 136 46 68 176 54 82 11 125 81 142 111 106 176 168 67 75 110 81 81 70 68 174 149 124 117 51 168 134 141 126 102 63 154 87 67 98 20
64 49 34 34 47 80 66 82 63 110 42 75 17 99 0 141 27 36 123 107 96 102 37 41 64 36 118 86 37 92 35 29 133 76 18 106 75 96 72 31 32 37 121 75 82 50 69 27 49 70 71 48 116 53 40 60 44 45 4 112
85 93 163 164 113 71 171 59 102 35 102 71 158 151 141 0 169 109 56 39 103 77 103 138 163 154 77 97 168 156 125 116 9 65 126 95 139 83 83 172 113 166 92 87 140 163 79 127 127 159 85 181 27 88 121 139 98 111 145 142
91 77 28 26 71 107 66 110 85 137 69 101 11 111 27 169 0 63 150 135 118 128 65 52 69 42 141 109 31 102 54 56 160 104 44 127 86 120 98 4 59 32 144 100 92 47 95 48 68 72 96 31 143 81 63 70 72 70 24 128
28 17 68 68 18 43 70 53 58 81 7 51 53 81 36 109 63 0 86 72 63 66 14 60 64 46 102 52 59 78 47 7 100 46 30 98 88 60 35 66 4 58 86 38 93 79 48 40 31 92 56 84 82 26 19 76 11 14 39 89
58 77 153 154 80 43 132 62 111 63 81 78 140 100 123 56 150 86 0 33 52 27 89 137 122 122 114 50 138 107 122 94 50 63 113 126 151 35 51 152 91 137 35 50 154 160 85 119 91 165 96 170 41 79 89 145 79 81 126 88
46 58 133 134 74 32 132 32 81 31 65 48 124 113 107 39 135 72 33 0 67 42 69 112 123 115 81 59 130 118 98 80 30 35 94 93 122 47 44 138 76 129 62 48 124 137 55 97 88 138 65 150 13 56 82 118 62 72 110 106
46 66 130 130 48 44 83 77 113 95 62 88 110 47 96 103 118 63 52 67 0 26 74 124 74 81 138 12 98 55 110 68 95 73 94 143 149 20 38 119 66 97 28 30 154 142 91 104 50 156 103 144 80 74 55 138 64 51 97 39
40 61 134 135 57 30 105 60 103 72 62 74 118 74 102 77 128 66 27 42 26 0 72 122 95 97 119 23 113 81 108 73 69 58 96 127 142 8 31 129 70 112 24 27 146 144 79 103 65 153 91 150 55 66 65 134 62 58 104 65
31 12 64 65 32 45 83 45 43 73 12 40 54 95 37 103 65 14 89 69 74 72 0 50 77 57 89 62 67 93 36 17 95 38 24 84 75 67 40 68 15 66 94 46 80 72 35 31 45 82 42 81 78 16 33 64 10 28 41 102
82 61 30 32 78 94 107 81 39 103 61 67 44 136 41 138 52 60 137 112 124 122 50 0 105 77 93 112 76 131 14 57 131 77 31 76 34 117 91 57 58 76 144 96 41 25 59 20 85 32 54 46 117 57 74 19 61 74 44 148
79 81 93 92 51 91 9 114 119 141 70 115 67 46 64 163 69 64 122 123 74 95 77 105 0 28 167 72 38 35 97 60 154 107 77 161 139 87 79 67 62 37 102 76 145 111 112 89 36 134 120 100 136 91 46 124 74 55 62 65
69 64 65 64 42 84 29 99 95 127 53 97 40 68 36 154 42 46 122 115 81 97 57 77 28 0 146 75 17 60 71 40 145 92 51 138 112 89 73 41 43 15 109 72 118 83 93 62 31 106 99 73 127 72 33 97 57 43 34 85
96 86 123 125 117 94 173 61 55 51 97 53 130 176 118 77 141 102 114 81 138 119 89 93 167 146 0 127 154 177 86 107 75 65 99 21 76 121 102 145 105 153 142 109 75 115 54 92 133 100 47 139 74 76 121 83 92 113 122 176
34 54 120 120 38 33 82 66 100 85 50 77 101 54 86 97 109 52 50 59 12 23 62 112 72 75 127 0 92 59 98 58 88 62 83 131 137 15 26 111 56 91 34 18 142 132 79 92 43 144 91 135 72 62 46 126 52 41 87 49
84 76 57 56 57 99 35 112 100 140 66 107 33 82 37 168 31 59 138 130 98 113 67 76 38 17 154 92 0 73 72 52 159 105 55 144 111 105 88 29 55 1 126 88 117 77 102 64 48 101 106 62 141 83 49 95 70 58 33 101
81 91 125 124 61 89 42 118 137 142 82 124 100 11 92 156 102 78 107 118 55 81 93 131 35 60 177 59 73 0 121 78 148 112 101 176 164 73 77 101 78 72 79 71 170 142 124 113 47 162 134 133 131 102 60 150 86 65 91 32
67 46 38 40 65 79 100 67 31 91 47 54 44 125 35 125 54 47 122 98 110 108 36 14 97 71 86 98 72 121 0 44 118 63 20 73 42 103 76 58 45 72 130 82 48 38 46 8 74 45 43 55 103 43 62 29 46 61 39 135
35 24 62 62 21 51 66 60 59 88 14 56 46 81 29 116 56 7 94 80 68 73 17 57 60 40 107 58 52 78 44 0 107 53 26 101 86 66 42 58 3 51 92 45 92 74 53 37 30 89 60 77 90 32 18 73 18 17 32 91
76 84 155 156 104 62 162 50 95 29 93 63 149 142 133 9 160 100 50 30 95 69 95 131 154 145 75 88 159 148 118 107 0 57 117 92 133 75 74 164 104 158 85 78 135 156 71 119 118 153 78 173 18 80 112 132 89 102 136 134
31 29 98 99 55 29 115 7 47 35 39 16 93 111 76 65 104 46 63 35 73 58 38 77 107 92 65 62 105 112 63 53 57 0 60 69 88 57 36 107 50 104 82 44 91 101 21 62 71 103 33 116 40 23 61 83 35 52 80 111
55 36 39 40 47 70 80 67 45 93 33 57 33 106 18 126 44 30 113 94 94 96 24 31 77 51 99 83 55 101 20 26 117 60 0 88 62 90 64 48 27 55 116 68 68 48 51 11 54 63 52 56 101 38 43 48 34 43 22 117
97 84 106 109 115 98 166 66 43 65 93 54 117 176 106 95 127 98 126 93 143 127 84 76 161 138 21 131 144 176 73 101 92 69 88 0 56 127 105 131 99 143 150 112 54 97 52 80 129 80 42 122 87 73 117 65 89 110 110 179
103 83 60 62 106 112 141 89 40 104 87 73 79 168 75 139 86 88 151 122 149 142 75 34 139 112 76 137 111 164 42 86 133 88 62 56 0 139 112 90 86 111 165 119 6 44 66 51 116 24 56 71 122 75 104 15 85 102 78 177
36 57 128 128 49 28 96 60 101 75 56 73 111 67 96 83 120 60 35 47 20 8 67 117 87 89 121 15 105 73 103 66 75 57 90 127 139 0 26 122 64 104 26 21 143 139 77 98 57 149 89 144 60 63 58 130 57 50 97 59
9 30 103 103 30 12 88 41 75 64 30 50 88 75 72 83 98 35 51 44 38 31 40 91 79 73 102 26 88 77 76 42 74 36 64 105 112 26 0 100 39 87 53 7 117 112 53 72 44 122 65 119 56 37 39 103 30 30 74 74
94 80 32 30 72 109 64 114 89 141 72 105 15 110 31 172 4 66 152 138 119 129 68 57 67 41 145 111 29 101 58 58 164 107 48 131 90 122 100 0 61 30 145 102 96 51 99 52 69 76 100 33 147 84 64 75 75 71 27 127
32 21 64 64 20 48 68 57 58 85 11 54 49 81 32 113 59 4 91 76 66 70 15 58 62 43 105 56 55 78 45 3 104 50 27 99 86 64 39 61 0 54 89 42 92 76 51 38 30 90 58 80 86 29 18 74 15 16 35 90
82 75 58 56 56 98 34 111 100 139 65 106 33 81 37 166 32 58 137 129 97 112 66 76 37 15 153 91 1 72 72 51 158 104 55 143 111 104 87 30 54 0 125 86 117 77 101 64 47 102 106 63 140 82 47 95 69 57 33 99
63 83 154 154 73 54 111 84 127 93 83 98 136 70 121 92 144 86 35 62 28 24 94 144 102 109 142 34 126 79 130 92 85 82 116 150 165 26 53 145 89 125 0 48 170 165 103 125 77 175 115 169 74 90 81 157 83 75 122 55
16 36 107 107 30 17 85 49 82 70 35 58 91 68 75 87 100 38 50 48 30 27 46 96 76 72 109 18 88 71 82 45 78 44 68 112 119 21 7 102 42 86 48 0 124 117 61 77 41 128 72 123 61 44 39 109 35 30 77 67
108 88 66 68 112 116 148 92 43 105 92 76 85 174 82 140 92 93 154 124 154 146 80 41 145 118 75 142 117 170 48 92 135 91 68 54 6 143 117 96 92 117 170 124 0 50 69 57 122 28 59 76 125 80 110 21 90 108 85 183
103 83 19 21 95 117 111 106 63 128 82 92 44 149 50 163 47 79 160 137 142 144 72 25 111 83 115 132 77 142 38 74 156 101 48 97 44 139 112 51 76 77 165 117 50 0 84 41 99 26 79 26 142 81 89 32 82 91 51 162
45 32 84 86 63 49 119 23 26 44 42 7 84 124 69 79 95 48 85 55 91 79 35 59 112 93 54 79 102 124 46 53 71 21 51 52 66 77 53 99 51 101 103 61 69 84 0 49 78 83 12 102 58 22 67 62 38 59 73 127
63 42 36 37 58 76 91 68 37 93 42 56 37 117 27 127 48 40 119 97 104 103 31 20 89 62 92 92 64 113 8 37 119 62 11 80 51 98 72 52 38 64 125 77 57 41 49 0 66 52 48 54 103 41 54 37 41 54 31 128
42 46 84 83 15 56 44 78 89 104 36 80 61 51 49 127 68 31 91 88 50 65 45 85 36 31 133 43 48 47 74 30 118 71 54 129 116 57 44 69 30 47 77 41 122 99 78 66 0 117 87 96 100 56 12 103 40 19 49 63
112 92 44 46 110 124 134 106 58 124 93 91 68 168 70 159 72 92 165 138 156 153 82 32 134 106 100 144 101 162 45 89 153 103 63 80 24 149 122 76 90 102 175 128 28 26 83 52 117 0 74 51 141 86 106 20 92 106 72 180
57 42 82 83 73 61 126 33 16 49 51 17 85 134 71 85 96 56 96 65 103 91 42 54 120 99 47 91 106 134 43 60 78 33 52 42 56 89 65 100 58 106 115 72 59 79 12 48 87 74 0 99 66 31 75 54 47 68 75 138
111 93 17 16 96 126 97 122 85 146 89 110 34 141 48 181 31 84 170 150 144 150 81 46 100 73 139 135 62 133 55 77 173 116 56 122 71 144 119 33 80 63 169 123 76 26 102 54 96 51 99 0 157 94 89 58 90 94 47 157
58 67 139 140 86 44 144 35 83 23 75 50 132 126 116 27 143 82 41 13 80 55 78 117 136 127 74 72 141 131 103 90 18 40 101 87 122 60 56 147 86 140 74 61 125 142 58 103 100 141 66 157 0 63 94 120 72 84 119 120
28 10 76 77 41 37 97 29 38 57 20 24 69 102 53 88 81 26 79 56 74 66 16 57 91 72 76 62 83 102 43 32 80 23 38 73 75 63 37 84 29 82 90 44 80 81 22 41 56 86 31 94 63 0 45 67 16 37 57 107
36 34 75 75 8 50 53 68 77 96 24 69 54 63 40 121 63 19 89 82 55 65 33 74 46 33 121 46 49 60 62 18 112 61 43 117 104 58 39 64 18 47 81 39 110 89 67 54 12 106 75 89 94 45 0 91 28 10 41 74
94 73 45 47 94 104 126 86 37 104 76 70 63 154 60 139 70 76 145 118 138 134 64 19 124 97 83 126 95 150 29 73 132 83 48 65 15 130 103 75 74 95 157 109 21 32 62 37 103 20 54 58 120 67 91 0 74 90 63 164
21 6 73 74 25 36 81 42 51 70 4 40 61 87 44 98 72 11 79 62 64 62 10 61 74 57 92 52 70 86 46 18 89 35 34 89 85 57 30 75 15 69 83 35 90 82 38 41 40 92 47 90 72 16 28 74 0 21 47 93
26 26 79 79 4 41 62 59 72 86 17 61 60 67 45 111 70 14 81 72 51 58 28 74 55 43 113 41 58 65 61 17 102 52 43 110 102 50 30 71 16 57 75 30 108 91 59 54 19 106 68 94 84 37 10 90 21 0 47 74
67 52 34 33 49 82 63 86 67 114 45 79 14 98 4 145 24 39 126 110 97 104 41 44 62 34 122 87 33 91 39 32 136 80 22 110 78 97 74 27 35 33 122 77 85 51 73 31 49 72 75 47 119 57 41 63 47 47 0 112
81 97 146 146 70 83 73 116 145 135 90 125 123 20 112 142 128 89 88 106 39 65 102 148 65 85 176 49 101 32 135 91 134 111 117 179 177 59 74 127 90 99 55 67 183 162 127 128 63 180 138 157 120 107 74 164 93 74 112 0

0 -81 -1 -7 -24 98 -64 62 -86 -19 -71 -61 68 43 -46 0 -83 -29 93 24 32 -37 -18 99 71 90 62 56 -46 52 97 -41 -20 62 -84 -27 -11 -68 16 94 97 -64 8 -23 35 -46 -6 -65 -26 45 -2 -87 56 -16 96 -43 69 -83 77 -5
-81 0 67 -44 17 67 -85 40 39 -7 -12 12 85 -53 -55 -15 -33 72 -64 -1 -14 12 31 95 -53 -51 59 66 -77 92 -70 -71 85 1 -69 -30 31 -37 -29 -70 31 -62 90 79 88 44 -25 56 -97 88 98 -28 49 58 41 -4 -1 -38 39 64
-1 67 0 -71 -31 -18 -82 86 67 75 87 -85 -24 7 -78 60 47 -89 -3 84 -91 -41 0 21 -47 -15 -26 88 -75 -85 92 -11 -25 -65 -89 31 15 97 20 -87 -67 -4 -99 -11 -47 87 43 -67 -4 38 -7 91 42 -20 -76 -51 72 -12 0 38
-7 -44 -71 0 17 0 -62 -99 75 -73 -95 87 -41 -67 -20 -8 -13 3 69 -88 10 37 31 32 -5 93 -19 69 51 6 74 -6 -98 45 43 -62 29 8 -32 27 65 41 -30 -74 -22 85 60 51 91 98 21 -94 -32 -44 -76 -91 -25 -32 -65 24
-24 17 -31 17 0 -76 99 -24 12 46 74 14 -97 81 54 -23 -81 -90 64 65 30 -73 -31 46 81 39 -51 28 -43 91 -68 -16 -49 -81 65 5 33 -18 68 47 -30 89 29 -92 19 -16 -84 5 92 41 10 -51 55 30 66 29 -4 0 -24 -9
98 67 -18 0 -76 0 -29 -21 90 -78 86 -30 6 7 42 -18 -69 -31 25 -88 70 -57 7 -72 -35 24 -48 26 -2 87 71 -25 -37 65 -9 -36 -80 -87 37 33 80 -39 86 -59 58 -55 -93 72 37 88 35 68 -27 -21 13 -80 -61 17 50 73
-64 -85 -82 -62 99 -29 0 -60 -26 34 53 4 65 5 0 -16 -27 -75 -40 -44 54 55 -71 3 19 1 -22 -14 -97 83 -84 1 64 19 -15 11 57 -66 94 -5 85 80 50 35 29 -85 -15 6 88 42 44 -5 -75 56 -12 -13 -94 -70 -15 53
62 40 86 -99 -24 -21 -60 0 -13 -89 45 9 50 -89 42 -40 -43 65 -82 -91 -30 8 21 -45 -58 -23 -5 67 -75 35 0 80 10 -74 -11 -61 -13 -54 92 -10 55 -68 73 -58 -64 -67 13 45 75 41 -4 64 -96 99 26 -14 -94 50 -58 99
-86 39 67 75 12 90 -26 -13 0 -90 -64 -88 88 -31 3 25 -52 3 61 -30 71 -93 94 49 -45 35 -30 89 -32 -93 -29 -22 -28 91 -23 9 85 83 -51 43 -30 10 48 63 73 -92 -55 -26 -38 45 39 82 69 55 -19 15 -84 74 91 1
-19 -7 75 -73 46 -78 34 -89 -90 0 89 48 -89 96 -56 -92 -47 44 -50 -53 -95 -47 38 -93 -87 -20 -1 26 44 -84 -15 94 62 -55 -2 -97 -48 -9 48 98 -33 88 92 79 -1 56 60 35 16 -33 -99 -86 -82 -97 -32 -76 18 -92 -98 -67
-71 -12 87 -95 74 86 53 45 -64 89 0 57 38 -86 -96 -11 -68 43 40 77 -34 94 96 -92 78 64 44 -42 0 -14 22 85 -51 -45 47 50 86 -7 72 -37 -58 84 -89 -17 -8 -16 34 51 82 63 -81 -64 28 74 18 -47 76 -62 -2 -98
-61 12 -85 87 14 -30 4 9 -88 48 57 0 -13 92 -70 -86 -95 22 39 60 -72 -68 97 -20 -62 -4 8 -34 99 5 -73 -12 24 -59 -73 55 27 -43 -61 -46 6 36 -23 90 -76 -92 0 15 67 30 88 2 -83 98 -19 79 75 -40 -73 -46
68 85 -24 -41 -97 6 65 50 88 -89 38 -13 0 93 29 -60 -28 2 76 -69 -53 -67 22 0 -62 -18 16 -38 -3 87 -90 6 -11 81 76 -67 50 -19 11 -83 -76 85 75 -67 6 85 -34 -67 89 -7 -55 -99 23 -19 80 1 45 -94 -24 -22
43 -53 7 -67 81 7 5 -89 -31 96 -86 92 93 0 40 54 -97 10 30 86 38 -49 -17 -75 -73 28 -30 -15 87 -23 -54 38 -98 37 58 1 -38 47 -39 54 -77 59 -1 66 51 80 -44 -10 -45 -34 72 -78 -19 -18 -12 -64 -46 31 63 -15
-46 -55 -78 -20 54 42 0 42 3 -56 -96 -70 29 40 0 -50 -95 -55 -75 -22 -83 -43 13 -34 88 -24 90 -45 37 -72 62 52 -11 -8 36 -85 29 57 -55 -91 -23 -31 -10 -22 83 -65 -70 22 -96 -86 55 87 -58 28 -33 91 63 48 -55 -90
0 -15 60 -8 -23 -18 -16 -40 25 -92 -11 -86 -60 54 -50 0 95 -92 17 -93 13 -80 26 63 -29 -73 -83 -29 99 6 -32 -37 -23 -96 -92 75 -19 -6 -19 40 -20 0 -92 -40 92 87 92 58 50 -86 -72 -75 52 80 -19 -63 -25 1 82 -84
-83 -33 47 -13 -81 -69 -27 -43 -52 -47 -68 -95 -28 -97 -95 95 0 60 42 85 -98 19 -26 48 52 -47 -49 35 -2 -24 -88 79 60 -3 -93 2 -25 0 -20 -95 4 -67 -58 95 93 52 -84 3 20 -12 -99 -12 0 33 38 56 -72 -67 51 -11
-29 72 -89 3 -90 -31 -75 65 3 44 43 22 2 10 -55 -92 60 0 97 -44 -75 -65 76 -75 -40 -67 -85 -52 43 29 -84 -65 -70 -21 -53 12 16 -80 -68 84 71 81 -76 -92 17 -37 11 -29 -71 13 -33 -75 -48 -29 66 56 88 67 -70 18
93 -64 -3 69 64 25 -40 -82 61 -50 40 39 76 30 -75 17 42 97 0 43 -52 29 95 -24 -7 62 -1 -89 -73 -67 -82 -19 -87 12 -32 8 82 -22 92 -23 88 36 80 -49 -18 -97 -77 0 -25 61 -98 67 -24 -22 90 -4 10 86 72 -48
24 -1 84 -88 65 -88 -44 -91 -30 -53 77 60 -69 86 -22 -93 85 -44 43 0 -37 -10 65 -33 -71 -39 -67 67 32 -72 -34 66 64 -70 -15 -10 76 -17 37 43 -97 -92 -81 -20 80 -11 51 42 -66 73 -82 -67 69 25 -58 34 92 76 92 -7
32 -14 -91 10 30 70 54 -30 71 -95 -34 -72 -53 38 -83 13 -98 -75 -52 -37 0 71 46 94 -79 66 -9 70 13 92 90 -43 47 -85 80 -73 11 20 -73 1 -26 -99 -90 76 64 -17 84 -4 -5 31 -67 -80 72 -52 11 69 -30 95 73 50
-37 12 -41 37 -73 -57 55 8 -93 -47 94 -68 -67 -49 -43 -80 19 -65 29 -10 71 0 83 63 13 23 58 -12 -17 13 -69 61 0 -71 -77 -77 -99 -52 75 -84 -72 -90 -93 83 68 -64 0 -38 -45 -74 -14 39 -32 40 68 76 53 -35 -91 78
-18 31 0 31 -31 7 -71 21 94 38 96 97 22 -17 13 26 -26 76 95 65 46 83 0 -23 23 -31 6 -47 14 81 13 -88 -79 -34 98 42 -84 22 -1 -46 -41 -4 92 -15 68 90 -42 8 16 -48 75 76 97 -79 23 40 -70 78 -67 -75
99 95 21 32 46 -72 3 -45 49 -93 -92 -20 0 -75 -34 63 48 -75 -24 -33 94 63 -23 0 -69 -64 -98 26 -25 -44 -65 -59 -55 -49 -65 84 -30 -82 -24 8 57 -35 67 99 -57 -12 -24 93 28 61 83 -88 -4 39 -91 51 18 2 -9 -94
71 -53 -47 -5 81 -35 19 -58 -45 -87 78 -62 -62 -73 88 -29 52 -40 -7 -71 -79 13 23 -69 0 17 14 30 73 -20 92 -23 -65 -53 89 -83 -61 -85 21 -56 17 -54 -21 -30 83 -77 -49 -62 49 86 -1 28 -64 20 77 -1 -96 -64 -40 -44
90 -51 -15 93 39 24 1 -23 35 -20 64 -4 -18 28 -24 -73 -47 -67 62 -39 66 23 -31 -64 17 0 12 -13 92 42 -48 85 -15 63 50 -17 2 8 94 -85 53 74 97 93 27 -86 -74 -1 32 -62 -64 -76 -68 71 -15 75 64 95 26 38
62 59 -26 -19 -51 -48 -22 -5 -30 -1 44 8 16 -30 90 -83 -49 -85 -1 -67 -9 58 6 -98 14 12 0 -68 -64 -54 58 -22 82 -75 97 51 -37 -96 36 -12 76 -85 -9 77 40 -39 16 74 -10 -32 13 -16 66 -69 31 -99 -35 90 -97 -84
56 66 88 69 28 26 -14 67 89 26 -42 -34 -38 -15 -45 -29 35 -52 -89 67 70 -12 -47 26 30 -13 -68 0 -99 -54 -66 -70 29 -2 38 -42 95 -42 5 -84 35 -63 5 60 -37 38 54 -47 35 98 10 86 -58 -54 -3 -7 56 -99 50 66
-46 -77 -75 51 -43 -2 -97 -75 -32 44 0 99 -3 87 37 99 -2 43 -73 32 13 -17 14 -25 73 92 -64 -99 0 -5 -90 18 58 19 -94 -20 -78 -95 68 -34 -41 64 -17 -97 -89 46 -85 -85 27 -17 -13 -83 -44 58 -81 -44 -72 32 95 -57
52 92 -85 6 91 87 83 35 -93 -84 -14 5 87 -23 -72 6 -24 29 -67 -72 92 13 81 -44 -20 42 -54 -54 -5 0 34 76 -18 78 61 -89 90 0 0 -59 36 9 21 -38 -67 69 -64 17 94 6 62 30 54 -93 11 -75 37 82 12 15
97 -70 92 74 -68 71 -84 0 -29 -15 22 -73 -90 -54 62 -32 -88 -84 -82 -34 90 -69 13 -65 92 -48 58 -66 -90 34 0 54 -21 56 -93 -26 -58 93 12 -11 60 -66 -58 -30 -9 -79 20 -79 91 16 -66 3 -89 -63 -93 -17 42 -12 -4 -24
-41 -71 -11 -6 -16 -25 1 80 -22 94 85 -12 6 38 52 -37 79 -65 -19 66 -43 61 -88 -59 -23 85 -22 -70 18 76 54 0 91 78 71 -75 -55 38 29 -81 19 88 -74 4 86 -11 -19 -26 14 -78 31 60 -67 0 -72 37 -3 -58 43 -33
-20 85 -25 -98 -49 -37 64 10 -28 62 -51 24 -11 -98 -11 -23 60 -70 -87 64 47 0 -79 -55 -65 -15 82 29 58 -18 -21 91 0 -55 -98 -93 -49 -55 -38 81 87 -1 -66 -62 -61 0 -83 58 14 93 75 41 -76 -67 -32 97 82 7 -50 84
62 1 -65 45 -81 65 19 -74 91 -55 -45 -59 81 37 -8 -96 -3 -21 12 -70 -85 -71 -34 -49 -53 63 -75 -2 19 78 56 78 -55 0 -10 -19 -2 -12 -46 30 -52 62 61 17 8 -90 -14 28 -99 73 -79 -80 55 -94 -31 57 -77 -29 -33 39
-84 -69 -89 43 65 -9 -15 -11 -23 -2 47 -73 76 58 36 -92 -93 -53 -32 -15 80 -77 98 -65 89 50 97 38 -94 61 -93 71 -98 -10 0 11 96 92 -56 -21 74 38 -32 38 -69 78 77 -72 -92 -28 -24 22 1 -32 -34 14 -89 -19 -47 -66
-27 -30 31 -62 5 -36 11 -61 9 -97 50 55 -67 1 -85 75 2 12 8 -10 -73 -77 42 84 -83 -17 51 -42 -20 -89 -26 -75 -93 -19 11 0 56 8 23 85 -39 -27 92 -16 12 60 -4 74 40 -74 30 59 -51 72 -4 -34 99 51 -5 -48
-11 31 15 29 33 -80 57 -13 85 -48 86 27 50 -38 29 -19 -25 16 82 76 11 -99 -84 -30 -61 2 -37 95 -78 90 -58 -55 -49 -2 96 56 0 83 -80 -35 5 -85 69 -15 97 -4 81 -96 -61 -23 -38 5 45 90 0 -73 21 98 -81 79
-68 -37 97 8 -18 -87 -66 -54 83 -9 -7 -43 -19 47 57 -6 0 -80 -22 -17 20 -52 22 -82 -85 8 -96 -42 -95 0 93 38 -55 -12 92 8 83 0 -8 -49 -88 -12 54 -74 96 62 96 -92 13 -19 -8 -19 14 -47 74 98 86 97 31 -39
16 -29 20 -32 68 37 94 92 -51 48 72 -61 11 -39 -55 -19 -20 -68 92 37 -73 75 -1 -24 21 94 36 5 68 0 12 29 -38 -46 -56 23 -80 -8 0 7 -40 -60 82 -93 19 -69 15 -9 -1 5 -23 85 -13 -51 75 -63 -81 -52 72 66
94 -70 -87 27 47 33 -5 -10 43 98 -37 -46 -83 54 -91 40 -95 84 -23 43 1 -84 -46 8 -56 -85 -12 -84 -34 -59 -11 -81 81 30 -21 85 -35 -49 7 0 -95 -23 -23 -86 -42 52 60 -59 83 -79 78 2 -73 -32 -57 65 -7 -32 -71 73
97 31 -67 65 -30 80 85 55 -30 -33 -58 6 -76 -77 -23 -20 4 71 88 -97 -26 -72 -41 57 17 53 76 35 -41 36 60 19 87 -52 74 -39 5 -88 -40 -95 0 78 -22 -80 61 -76 52 -74 70 7 19 72 73 -88 -6 -31 64 5 -12 -88
-64 -62 -4 41 89 -39 80 -68 10 88 84 36 85 59 -31 0 -67 81 36 -92 -99 -90 -4 -35 -54 74 -85 -63 64 9 -66 88 -1 62 38 -27 -85 -12 -60 -23 78 0 14 -78 -22 95 -55 -55 -43 -76 -63 -43 28 92 -85 -92 -91 -16 -49 -78
8 90 -99 -30 29 86 50 73 48 92 -89 -23 75 -1 -10 -92 -58 -76 80 -81 -90 -93 92 67 -21 97 -9 5 -17 21 -58 -74 -66 61 -32 92 69 54 82 -23 -22 14 0 -53 97 23 66 -52 54 -88 2 72 97 -20 -6 -15 83 -3 88 -75
-23 79 -11 -74 -92 -59 35 -58 63 79 -17 90 -67 66 -22 -40 95 -92 -49 -20 76 83 -15 99 -30 93 77 60 -97 -38 -30 4 -62 17 38 -16 -15 -74 -93 -86 -80 -78 -53 0 38 77 -54 9 -58 7 93 60 -59 -19 65 -11 -20 -93 -72 35
35 88 -47 -22 19 58 29 -64 73 -1 -8 -76 6 51 83 92 93 17 -18 80 64 68 68 -57 83 27 40 -37 -89 -67 -9 86 -61 8 -69 12 97 96 19 -42 61 -22 97 38 0 -89 72 11 81 52 9 -4 -30 13 90 -47 -78 -49 -63 6
-46 44 87 85 -16 -55 -85 -67 -92 56 -16 -92 85 80 -65 87 52 -37 -97 -11 -17 -64 90 -12 -77 -86 -39 38 46 69 -79 -11 0 -90 78 60 -4 62 -69 52 -76 95 23 77 -89 0 -74 -47 -57 89 -30 -18 7 -44 -18 -12 -35 -99 94 -77
-6 -25 43 60 -84 -93 -15 13 -55 60 34 0 -34 -44 -70 92 -84 11 -77 51 84 0 -42 -24 -49 -74 16 54 -85 -64 20 -19 -83 -14 77 -4 81 96 15 60 52 -55 66 -54 72 -74 0 -27 57 90 37 -97 91 0 8 -88 -67 51 -35 23
-65 56 -67 51 5 72 6 45 -26 35 51 15 -67 -10 22 58 3 -29 0 42 -4 -38 8 93 -62 -1 74 -47 -85 17 -79 -26 58 28 -72 74 -96 -92 -9 -59 -74 -55 -52 9 11 -47 -27 0 50 68 75 -97 -91 -57 45 58 26 -70 -2 49
-26 -97 -4 91 92 37 88 75 -38 16 82 67 89 -45 -96 50 20 -71 -25 -66 -5 -45 16 28 49 32 -10 35 27 94 91 14 14 -99 -92 40 -61 13 -1 83 70 -43 54 -58 81 -57 57 50 0 86 81 -94 -34 73 -58 -2 -6 6 88 7
45 88 38 98 41 88 42 41 45 -33 63 30 -7 -34 -86 -86 -12 13 61 73 31 -74 -48 61 86 -62 -32 98 -17 6 16 -78 93 73 -28 -74 -23 -19 5 -79 7 -76 -88 7 52 89 90 68 86 0 -53 71 36 -39 -67 53 97 71 35 62
-2 98 -7 21 10 35 44 -4 39 -99 -81 88 -55 72 55 -72 -99 -33 -98 -82 -67 -14 75 83 -1 -64 13 10 -13 62 -66 31 75 -79 -24 30 -38 -8 -23 78 19 -63 2 93 9 -30 37 75 81 -53 0 63 -92 -93 76 -80 77 75 67 11
-87 -28 91 -94 -51 68 -5 64 82 -86 -64 2 -99 -78 87 -75 -12 -75 67 -67 -80 39 76 -88 28 -76 -16 86 -83 30 3 60 41 -80 22 59 5 -19 85 2 72 -43 72 60 -4 -18 -97 -97 -94 71 63 0 7 92 -9 -24 -87 34 -86 -59
56 49 42 -32 55 -27 -75 -96 69 -82 28 -83 23 -19 -58 52 0 -48 -24 69 72 -32 97 -4 -64 -68 66 -58 -44 54 -89 -67 -76 55 1 -51 45 14 -13 -73 73 28 97 -59 -30 7 91 -91 -34 36 -92 7 0 -59 -98 -39 0 -94 74 86
-16 58 -20 -44 30 -21 56 99 55 -97 74 98 -19 -18 28 80 33 -29 -22 25 -52 40 -79 39 20 71 -69 -54 58 -93 -63 0 -67 -94 -32 72 90 -47 -51 -32 -88 92 -20 -19 13 -44 0 -57 73 -39 -93 92 -59 0 48 -91 -88 79 24 43
96 41 -76 -76 66 13 -12 26 -19 -32 18 -19 80 -12 -33 -19 38 66 90 -58 11 68 23 -91 77 -15 31 -3 -81 11 -93 -72 -32 -31 -34 -4 0 74 75 -57 -6 -85 -6 65 90 -18 8 45 -58 -67 76 -9 -98 48 0 -73 71 4 -55 -14
-43 -4 -51 -91 29 -80 -13 -14 15 -76 -47 79 1 -64 91 -63 56 56 -4 34 69 76 40 51 -1 75 -99 -7 -44 -75 -17 37 97 57 14 -34 -73 98 -63 65 -31 -92 -15 -11 -47 -12 -88 58 -2 53 -80 -24 -39 -91 -73 0 -5 65 -68 86
69 -1 72 -25 -4 -61 -94 -94 -84 18 76 75 45 -46 63 -25 -72 88 10 92 -30 53 -70 18 -96 64 -35 56 -72 37 42 -3 82 -77 -89 99 21 86 -81 -7 64 -91 83 -20 -78 -35 -67 26 -6 97 77 -87 0 -88 71 -5 0 -65 48 -1
-83 -38 -12 -32 0 17 -70 50 74 -92 -62 -40 -94 31 48 1 -67 67 86 76 95 -35 78 2 -64 95 90 -99 32 82 -12 -58 7 -29 -19 51 98 97 -52 -32 5 -16 -3 -93 -49 -99 51 -70 6 71 75 34 -94 79 4 65 -65 0 4 -95
77 39 0 -65 -24 50 -15 -58 91 -98 -2 -73 -24 63 -55 82 51 -70 72 92 73 -91 -67 -9 -40 26 -97 50 95 12 -4 43 -50 -33 -47 -5 -81 31 72 -71 -12 -49 88 -72 -63 94 -35 -2 88 35 67 -86 74 24 -55 -68 48 4 0 99
-5 64 38 24 -9 73 53 99 1 -67 -98 -46 -22 -15 -90 -84 -11 18 -48 -7 50 78 -75 -94 -44 38 -84 66 -57 15 -24 -33 84 39 -66 -48 79 -39 66 73 -88 -78 -75 35 6 -77 23 49 7 62 11 -59 86 43 -14 86 -1 -95 99 0

0 60 -18 -46 -89 62 -17 17 -92 -42 -1 -41 92 25 51 -54 86 75 82 -21 -25 -41 28 -22 -93 16 62 14 -52 -77 65 87 -93 -91 74 -29 -38 74 84 -1 -1 -62 -47 -30 38 -71 -4 66 -46 55 -62 -21 98 -70 -65 -73 42 82 -16 56
60 0 -83 3 -86 62 -84 -69 -86 -12 50 -97 -18 -17 95 -55 47 64 90 -80 38 -43 60 66 35 -16 -31 -40 64 0 0 -27 69 -37 -57 17 68 -74 -24 34 -62 0 -94 0 89 -23 39 37 -4 -45 51 -50 4 22 -80 13 -96 -60 -16 -58
-18 -83 0 10 32 47 -24 73 59 64 80 96 -46 57 -61 -99 11 -18 84 4 -91 13 -59 -13 -52 97 29 56 98 63 -35 -80 -33 -96 -91 55 -70 -92 55 -96 -54 70 -37 53 -27 -61 -4 -50 89 -58 78 92 95 -86 -93 -11 -35 44 70 -2
-46 3 10 0 -48 91 -93 -48 -77 -51 94 70 -20 -3 92 91 61 31 51 42 89 96 -88 -50 -45 81 -24 -44 -64 -5 -20 -73 -96 24 -84 31 45 -85 19 -81 80 48 -26 -13 -29 -95 -32 -25 -66 32 19 -72 -76 3 37 -47 -14 83 56 16
-89 -86 32 -48 0 72 -3 -18 -48 -35 89 32 -5 -32 61 75 29 57 84 29 -16 26 -99 35 45 -4 -69 27 38 17 -66 -91 -7 -66 -42 -33 -19 17 -48 50 -67 26 15 68 -77 -65 -22 -17 -23 -97 -47 71 91 -50 -93 -47 2 93 -77 51
62 62 47 91 72 0 84 11 14 78 -48 93 95 24 -18 56 -62 -47 -82 -55 -44 -58 90 79 72 -81 42 -58 -89 85 -21 36 72 -88 -24 18 -50 -31 4 59 -52 -75 -27 84 98 17 41 93 78 -29 3 6 -35 -45 48 13 -86 -15 85 -23
-17 -84 -24 -93 -3 84 0 -92 95 44 -6 -88 -86 69 -22 6 -63 -8 -88 -90 -49 -49 -93 57 99 72 21 -78 46 62 -75 72 80 -90 39 -29 -65 9 -8 -24 -31 -50 80 33 -12 19 72 92 53 -47 -23 9 -3 -64 -61 -61 -38 -21 -83 50
17 -69 73 -48 -18 11 -92 0 11 78 -86 56 64 -2 -22 -89 84 -49 4 64 89 69 -1 -77 -41 13 95 -48 -82 95 32 17 -67 -80 76 37 34 -36 -33 -28 -29 -46 62 74 -71 -66 -56 98 31 64 54 -92 -91 -88 15 -3 -75 -20 -47 30
-92 -86 59 -77 -48 14 95 11 0 -15 88 99 63 80 31 -19 6 0 71 -49 64 -27 58 81 -52 44 -99 52 -42 -31 80 75 -15 63 -47 16 -95 -20 -45 -59 -58 -76 -45 -82 6 -45 -18 36 79 -39 -88 51 -86 22 -72 -52 -2 7 97 20
-42 -12 64 -51 -35 78 44 78 -15 0 -32 86 -3 -2 76 -3 -8 -94 16 -1 56 4 -41 -74 -95 0 -1 -62 77 49 -13 0 49 -14 -41 29 -64 -65 33 -28 -29 24 60 -52 65 33 -31 -53 8 2 64 42 85 -80 -30 44 -37 70 -24 -18
-1 50 80 94 89 -48 -6 -86 88 -32 0 90 -31 93 4 -97 50 -82 88 -50 58 57 -79 44 86 -89 58 -33 5 68 82 13 41 25 -12 67 -43 90 62 -13 -97 95 -12 -67 -74 -87 -95 -47 17 -58 -10 -33 -95 -19 -22 -83 32 -49 47 99
-41 -97 96 70 32 93 -88 56 99 86 90 0 19 8 64 73 97 -63 -34 -23 0 18 -96 -18 -57 17 80 87 -20 92 43 -61 49 5 -65 -44 1 7 18 -13 -24 62 16 10 -48 39 -75 30 40 -88 83 44 14 12 -5 -40 -23 -88 84 -59
92 -18 -46 -20 -5 95 -86 64 63 -3 -31 19 0 -54 96 -21 -74 88 65 31 -78 -14 -62 -14 -52 -2 -76 81 -5 -28 -60 -55 12 16 95 30 53 65 -90 -55 36 34 5 -9 94 -52 38 -72 -20 -84 -79 0 3 -51 76 -23 -62 -38 -55 96
25 -17 57 -3 -32 24 69 -2 80 -2 93 8 -54 0 20 -61 89 66 61 66 77 -65 91 57 -24 57 -8 -55 13 -96 35 -11 -38 -30 17 -40 -52 85 27 2 -65 35 -18 3 83 86 -26 50 -51 44 44 -85 -99 27 8 59 16 -5 98 97
51 95 -61 92 61 -18 -22 -22 31 76 4 64 96 20 0 19 55 6 7 -3 -7 59 -81 91 -57 -17 37 8 -65 40 38 6 78 -35 65 55 -81 90 10 63 0 41 63 -78 29 -14 -80 -83 -26 4 74 -76 65 77 93 33 -67 -35 -49 82
-54 -55 -99 91 75 56 6 -89 -19 -3 -97 73 -21 -61 19 0 51 89 2 63 -13 22 -52 -28 -80 -58 -17 10 2 16 93 37 76 39 -27 73 64 38 -72 -78 9 -44 36 71 -91 -48 76 52 -50 -26 -92 80 -78 -8 -95 -9 -31 -32 59 -79
86 47 11 61 29 -62 -63 84 6 -8 50 97 -74 89 55 51 0 57 88 90 -59 55 37 56 1 -25 81 70 64 -60 71 4 -23 87 70 72 52 -99 -79 -15 -64 60 83 -45 -35 16 81 47 49 28 -71 -2 -41 -69 -80 23 15 -67 -99 -54
75 64 -18 31 57 -47 -8 -49 0 -94 -82 -63 88 66 6 89 57 0 -85 -4 -5 -43 -57 23 -87 -43 96 86 13 -79 39 -6 9 88 -88 -36 5 -90 82 93 83 17 -39 -15 87 -61 86 -35 58 74 90 -29 68 70 40 -25 -94 79 50 -26
82 90 84 51 84 -82 -88 4 71 16 88 -34 65 61 7 2 88 -85 0 -40 -92 -28 -50 75 -36 -35 69 -23 -44 83 75 -34 -81 -60 -64 -2 -71 12 -85 84 -44 -93 -9 4 -52 76 0 -24 67 55 65 -37 -91 55 23 -58 -74 92 -13 27
-21 -80 4 42 29 -55 -90 64 -49 -1 -50 -23 31 66 -3 63 90 -4 -40 0 -15 88 -50 -90 6 -60 13 -10 57 -35 -16 -6 -60 72 -80 -77 -98 72 40 99 1 46 70 -35 -38 -80 48 56 37 42 -77 46 0 -9 88 -3 -67 -12 4 14
-25 38 -91 89 -16 -44 -49 89 64 56 58 0 -78 77 -7 -13 -59 -5 -92 -15 0 -95 24 61 14 52 -71 54 -66 20 -42 -48 -80 -20 95 -16 5 55 -31 -87 -15 93 -30 3 -7 27 -15 -11 -47 -96 -28 -14 -53 91 -58 90 44 82 -40 83
-41 -43 13 96 26 -58 -49 69 -27 4 57 18 -14 -65 59 22 55 -43 -28 88 -95 0 -66 -60 90 5 -17 71 -87 -25 -81 92 40 -89 83 -56 74 1 0 7 65 67 56 33 6 73 2 -54 87 -96 -98 -88 13 -37 -31 -97 -91 -76 -51 45
28 60 -59 -88 -99 90 -93 -1 58 -41 -79 -96 -62 91 -81 -52 37 -57 -50 -50 24 -66 0 -53 92 -41 10 -28 20 -57 71 -12 0 92 29 -94 -40 -81 -58 46 -3 -77 -42 -50 56 24 -48 61 -56 62 -63 -15 74 -45 -29 -13 -44 -62 -9 19
-22 66 -13 -50 35 79 57 -77 81 -74 44 -18 -14 57 91 -28 56 23 75 -90 61 -60 -53 0 5 -8 78 -70 22 -86 17 13 83 -70 62 35 1 47 -89 97 -7 51 74 9 -39 -11 -97 -56 21 -1 -46 -8 -8 -24 -9 -12 -76 36 -13 23
-93 35 -52 -45 45 72 99 -41 -52 -95 86 -57 -52 -24 -57 -80 1 -87 -36 6 14 90 92 5 0 64 39 26 -42 -18 -37 49 85 70 88 81 -53 30 -3 2 67 -14 -93 16 -33 36 65 81 29 67 -23 -4 -68 -3 58 49 85 -56 -97 -65
16 -16 97 81 -4 -81 72 13 44 0 -89 17 -2 57 -17 -58 -25 -43 -35 -60 52 5 -41 -8 64 0 88 98 50 -19 9 -60 -35 38 93 11 -80 -73 66 -45 18 51 61 -82 84 -75 -1 96 16 16 -99 79 -12 -94 59 22 97 -46 -74 44
62 -31 29 -24 -69 42 21 95 -99 -1 58 80 -76 -8 37 -17 81 96 69 13 -71 -17 10 78 39 88 0 -31 -2 37 -30 -32 52 -98 79 59 -27 82 -69 77 31 87 40 22 -28 -87 50 -36 16 44 -80 -69 45 -5 -76 -47 81 56 29 4
14 -40 56 -44 27 -58 -78 -48 52 -62 -33 87 81 -55 8 10 70 86 -23 -10 54 71 -28 -70 26 98 -31 0 -11 -83 -34 49 18 66 51 -30 81 -15 -88 34 17 50 -19 63 70 36 97 26 0 65 33 54 70 23 87 17 76 83 -96 99
-52 64 98 -64 38 -89 46 -82 -42 77 5 -20 -5 13 -65 2 64 13 -44 57 -66 -87 20 22 -42 50 -2 -11 0 81 -70 -85 20 73 0 -50 -76 -46 91 -18 52 -80 99 -21 52 -39 -25 -37 -10 2 -41 84 -80 40 -97 95 0 -10 87 -16
-77 0 63 -5 17 85 62 95 -31 49 68 92 -28 -96 40 16 -60 -79 83 -35 20 -25 -57 -86 -18 -19 37 -83 81 0 41 -69 -18 -23 -96 -92 -74 48 -14 37 -72 -70 -88 79 -3 10 -45 17 98 43 8 24 34 21 37 -22 4 16 48 51
65 0 -35 -20 -66 -21 -75 32 80 -13 82 43 -60 35 38 93 71 39 75 -16 -42 -81 71 17 -37 9 -30 -34 -70 41 0 36 32 50 -3 6 -88 -2 94 39 76 -23 75 10 -38 61 43 -18 37 -22 -88 -1 -13 -4 29 -11 31 18 -46 81
87 -27 -80 -73 -91 36 72 17 75 0 13 -61 -55 -11 6 37 4 -6 -34 -6 -48 92 -12 13 49 -60 -32 49 -85 -69 36 0 34 72 -87 53 8 60 14 79 56 24 -3 15 7 39 -81 -66 41 -93 -94 -61 16 -60 31 30 84 -83 64 -82
-93 69 -33 -96 -7 72 80 -67 -15 49 41 49 12 -38 78 76 -23 9 -81 -60 -80 40 0 83 85 -35 52 18 20 -18 32 34 0 0 13 23 28 -2 -75 -26 -43 64 23 -97 93 -43 58 45 37 -84 64 0 35 45 -48 0 77 -96 -72 21
-91 -37 -96 24 -66 -88 -90 -80 63 -14 25 5 16 -30 -35 39 87 88 -60 72 -20 -89 92 -70 70 38 -98 66 73 -23 50 72 0 0 30 81 -31 6 94 18 10 68 -13 -74 89 29 -29 38 -82 37 -96 77 -8 -95 -44 57 -17 -26 5 -63
74 -57 -91 -84 -42 -24 39 76 -47 -41 -12 -65 95 17 65 -27 70 -88 -64 -80 95 83 29 62 88 93 79 51 0 -96 -3 -87 13 30 0 6 -28 12 -40 27 93 54 -76 -36 -99 -13 41 -11 55 -88 -14 53 -18 75 89 -60 -96 -61 -71 -40
-29 17 55 31 -33 18 -29 37 16 29 67 -44 30 -40 55 73 72 -36 -2 -77 -16 -56 -94 35 81 11 59 -30 -50 -92 6 53 23 81 6 0 -25 92 -69 -50 4 -16 87 13 66 42 -93 30 10 -30 -69 -9 -91 12 -75 82 -83 69 -68 -58
-38 68 -70 45 -19 -50 -65 34 -95 -64 -43 1 53 -52 -81 64 52 5 -71 -98 5 74 -40 1 -53 -80 -27 81 -76 -74 -88 8 28 -31 -28 -25 0 41 -62 33 -69 23 98 -82 42 -85 -34 -3 -64 43 36 61 18 -28 -81 37 -8 -52 43 -73
74 -74 -92 -85 17 -31 9 -36 -20 -65 90 7 65 85 90 38 -99 -90 12 72 55 1 -81 47 30 -73 82 -15 -46 48 -2 60 -2 6 12 92 41 0 -60 -63 -32 -73 0 -12 -77 -10 46 60 44 -47 82 -80 -59 -73 68 49 64 34 -11 -46
84 -24 55 19 -48 4 -8 -33 -45 33 62 18 -90 27 10 -72 -79 82 -85 40 -31 0 -58 -89 -3 66 -69 -88 91 -14 94 14 -75 94 -40 -69 -62 -60 0 -84 55 -62 51 28 41 74 74 -75 -33 93 83 -95 -81 53 55 95 -30 58 52 86
-1 34 -96 -81 50 59 -24 -28 -59 -28 -13 -13 -55 2 63 -78 -15 93 84 99 -87 7 46 97 2 -45 77 34 -18 37 39 79 -26 18 27 -50 33 -63 -84 0 97 67 78 53 -99 3 -90 3 60 -1 30 38 96 -51 16 31 93 4 -95 52
-1 -62 -54 80 -67 -52 -31 -29 -58 -29 -97 -24 36 -65 0 9 -64 83 -44 1 -15 65 -3 -7 67 18 31 17 52 -72 76 56 -43 10 93 4 -69 -32 55 97 0 27 0 97 87 5 -76 -43 -11 39 -61 37 -41 -84 -89 5 9 15 67 -82
-62 0 70 48 26 -75 -50 -46 -76 24 95 62 34 35 41 -44 60 17 -93 46 93 67 -77 51 -14 51 87 50 -80 -70 -23 24 64 68 54 -16 23 -73 -62 67 27 0 60 -51 -14 83 84 -98 96 -17 -42 11 -72 19 81 -17 52 -39 52 10
-47 -94 -37 -26 15 -27 80 62 -45 60 -12 16 5 -18 63 36 83 -39 -9 70 -30 56 -42 74 -93 61 40 -19 99 -88 75 -3 23 -13 -76 87 98 0 51 78 0 60 0 -20 -1 67 0 -28 -38 -38 -14 43 15 84 38 12 90 -81 98 47
-30 0 53 -13 68 84 33 74 -82 -52 -67 10 -9 3 -78 71 -45 -15 4 -35 3 33 -50 9 16 -82 22 63 -21 79 10 15 -97 -74 -36 13 -82 -12 28 53 97 -51 -20 0 -30 -13 -60 -85 -97 -98 -52 77 91 -79 -5 -33 -79 2 -43 -29
38 89 -27 -29 -77 98 -12 -71 6 65 -74 -48 94 83 29 -91 -35 87 -52 -38 -7 6 56 -39 -33 84 -28 70 52 -3 -38 7 93 89 -99 66 42 -77 41 -99 87 -14 -1 -30 0 -6 69 9 80 -51 74 8 51 15 22 -5 20 76 95 89
-71 -23 -61 -95 -65 17 19 -66 -45 33 -87 39 -52 86 -14 -48 16 -61 76 -80 27 73 24 -11 36 -75 -87 36 -39 10 61 39 -43 29 -13 42 -85 -10 74 3 5 83 67 -13 -6 0 -98 9 -72 -11 30 43 69 82 29 -21 -74 7 -54 57
-4 39 -4 -32 -22 41 72 -56 -18 -31 -95 -75 38 -26 -80 76 81 86 0 48 -15 2 -48 -97 65 -1 50 97 -25 -45 43 -81 58 -29 41 -93 -34 46 74 -90 -76 84 0 -60 69 -98 0 64 30 -7 -39 9 -57 42 21 -63 74 -29 -90 -72
66 37 -50 -25 -17 93 92 98 36 -53 -47 30 -72 50 -83 52 47 -35 -24 56 -11 -54 61 -56 81 96 -36 26 -37 17 -18 -66 45 38 -11 30 -3 60 -75 3 -43 -98 -28 -85 9 9 64 0 34 -26 40 -18 -48 -13 69 49 72 40 6 -29
-46 -4 89 -66 -23 78 53 31 79 8 17 40 -20 -51 -26 -50 49 58 67 37 -47 87 -56 21 29 16 16 0 -10 98 37 41 37 -82 55 10 -64 44 -33 60 -11 96 -38 -97 80 -72 30 34 0 64 95 35 9 -50 83 63 82 48 -52 84
55 -45 -58 32 -97 -29 -47 64 -39 2 -58 -88 -84 44 4 -26 28 74 55 42 -96 -96 62 -1 67 16 44 65 2 43 -22 -93 -84 37 -88 -30 43 -47 93 -1 39 -17 -38 -98 -51 -11 -7 -26 64 0 -8 31 73 -21 44 24 -24 -47 28 87
-62 51 78 19 -47 3 -23 54 -88 64 -10 83 -79 44 74 -92 -71 90 65 -77 -28 -98 -63 -46 -23 -99 -80 33 -41 8 -88 -94 64 -96 -14 -69 36 82 83 30 -61 -42 -14 -52 74 30 -39 40 95 -8 0 -71 -71 62 -17 -55 -59 82 48 -44
-21 -50 92 -72 71 6 9 -92 51 42 -33 44 0 -85 -76 80 -2 -29 -37 46 -14 -88 -15 -8 -4 79 -69 54 84 24 -1 -61 0 77 53 -9 61 -80 -95 38 37 11 43 77 8 43 9 -18 35 31 -71 0 39 20 34 -77 -38 47 -16 61
98 4 95 -76 91 -35 -3 -91 -86 85 -95 14 3 -99 65 -78 -41 68 -91 0 -53 13 74 -8 -68 -12 45 70 -80 34 -13 16 35 -8 -18 -91 18 -59 -81 96 -41 -72 15 91 51 69 -57 -48 9 73 -71 39 0 -54 89 -44 -62 -13 97 16
-70 22 -86 3 -50 -45 -64 -88 22 -80 -19 12 -51 27 77 -8 -69 70 55 -9 91 -37 -45 -24 -3 -94 -5 23 40 21 -4 -60 45 -95 75 12 -28 -73 53 -51 -84 19 84 -79 15 82 42 -13 -50 -21 62 20 -54 0 -4 53 -38 50 -59 -99
-65 -80 -93 37 -93 48 -61 15 -72 -30 -22 -5 76 8 93 -95 -80 40 23 88 -58 -31 -29 -9 58 59 -76 87 -97 37 29 31 -48 -44 89 -75 -81 68 55 16 -89 81 38 -5 22 29 21 69 83 44 -17 34 89 -4 0 -2 61 -42 -54 -21
-73 13 -11 -47 -47 13 -61 -3 -52 44 -83 -40 -23 59 33 -9 23 -25 -58 -3 90 -97 -13 -12 49 22 -47 17 95 -22 -11 30 0 57 -60 82 37 49 95 31 5 -17 12 -33 -5 -21 -63 49 63 24 -55 -77 -44 53 -2 0 -30 -40 -65 42
42 -96 -35 -14 2 -86 -38 -75 -2 -37 32 -23 -62 16 -67 -31 15 -94 -74 -67 44 -91 -44 -76 85 97 81 76 0 4 31 84 77 -17 -96 -83 -8 64 -30 93 9 52 90 -79 20 -74 74 72 82 -24 -59 -38 -62 -38 61 -30 0 -74 79 -26
82 -60 44 83 93 -15 -21 -20 7 70 -49 -88 -38 -5 -35 -32 -67 79 92 -12 82 -76 -62 36 -56 -46 56 83 -10 16 18 -83 -96 -26 -61 69 -52 34 58 4 15 -39 -81 2 76 7 -29 40 48 -47 82 47 -13 50 -42 -40 -74 0 32 97
-16 -16 70 56 -77 85 -83 -47 97 -24 47 84 -55 98 -49 59 -99 50 -13 4 -40 -51 -9 -13 -97 -74 29 -96 87 48 -46 64 -72 5 -71 -68 43 -11 52 -95 67 52 98 -43 95 -54 -90 6 -52 28 48 -16 97 -59 -54 -65 79 32 0 96
56 -58 -2 16 51 -23 50 30 20 -18 99 -59 96 97 82 -79 -54 -26 27 14 83 45 19 23 -65 44 4 99 -16 51 81 -82 21 -63 -40 -58 -73 -46 86 52 -82 10 47 -29 89 57 -72 -29 84 87 -44 61 16 -99 -21 42 -26 97 96 0

0 34 -81 -26 50 49 89 -98 -67 -39 -33 -95 -89 -49 -48 -8 28 -23 -56 -23 20 -38 -9 -36 -89 52 -67 45 -92 -53 -73 86 88 66 -56 90 -48 38 -66 45 54 -26 50 12 80 85 68 35 -36 25 43 35 32 -26 88 -74 18 -9 24 -55
34 0 9 -96 66 91 86 86 56 -31 40 -80 42 77 12 -13 -31 -17 6 46 -77 84 -29 -62 48 0 46 -10 -34 -94 12 -24 -39 -79 -73 30 -34 -35 -96 -8 -53 95 -19 9 -46 -43 8 3 -57 -28 81 60 2 -5 -58 9 -61 28 -78 82
-81 9 0 68 -60 -51 -96 81 56 -54 45 -64 76 91 -28 72 51 -67 6 23 -97 -34 70 -55 -63 79 98 31 79 53 80 -61 95 79 16 76 -34 75 -90 -82 43 -40 -52 9 82 -64 4 -3 -19 84 68 -33 -48 -71 99 28 -23 -14 7 0
-26 -96 68 0 64 7 -86 30 -1 -70 45 30 -69 30 73 57 -20 -83 70 94 37 -91 -81 5 73 -58 -28 25 91 68 -57 -96 84 -48 -72 -96 43 30 84 32 -31 64 3 -31 -69 93 69 78 57 28 -49 5 18 -10 93 -22 -4 78 -67 49
50 66 -60 64 0 -74 1 -80 -87 -99 -49 -18 -54 -50 -2 -39 -99 85 51 79 53 -34 -74 -39 -4 -42 -20 -95 -78 -9 -8 -6 90 -4 -79 -11 54 -18 37 25 -95 56 -84 97 64 81 -54 -51 -78 51 89 -59 -30 56 20 -72 -16 -92 70 -13
49 91 -51 7 -74 0 61 52 25 -26 72 16 45 -48 38 91 -35 -85 64 -20 -31 -66 -59 -19 3 -54 1 38 -62 -55 -48 -56 -42 -85 -70 39 -8 -86 -84 94 -83 17 -86 17 1 -23 7 99 -9 25 -31 24 98 -96 -67 -86 63 -46 -7 12
89 86 -96 -86 1 61 0 26 -84 -34 -62 -84 9 -40 64 -12 -50 -65 -10 -89 9 83 -16 -4 61 -17 88 -12 17 26 31 72 -20 69 62 -27 42 71 14 -17 85 14 29 65 -30 72 -36 -86 -12 -48 -14 84 14 -30 59 -5 30 -5 53 -7
-98 86 81 30 -80 52 26 0 70 -44 98 -41 -31 55 67 5 66 10 7 45 -48 30 -82 -40 34 22 0 0 -69 16 -89 -83 -61 1 61 8 -68 17 -10 -23 43 60 -98 86 22 -48 3 -81 -93 58 -57 -37 -37 20 -50 9 -41 -9 -8 36
-67 56 56 -1 -87 25 -84 70 0 48 -11 -26 61 -16 -1 10 -20 88 -63 57 -74 -74 55 -15 43 -69 -82 -58 -95 19 44 7 -84 -80 89 -22 93 44 82 65 -79 -79 -83 -15 -1 16 12 26 -10 76 -6 -89 -43 75 90 -80 -43 96 23 -92
-39 -31 -54 -70 -99 -26 -34 -44 48 0 10 29 32 76 81 -29 -90 -66 -42 -43 -89 30 22 30 97 -32 61 11 -28 1 80 81 -12 91 24 -13 -5 9 14 7 56 -44 -79 -47 95 -58 -27 35 31 -98 96 69 -5 -2 -45 38 95 -13 -67 85
-33 40 45 45 -49 72 -62 98 -11 10 0 74 55 -99 51 1 -70 29 -86 91 -2 -77 65 -89 -47 18 -47 39 -69 34 56 -96 77 25 78 -97 -51 -57 -40 -18 7 71 69 -98 39 9 -39 -81 48 0 25 66 39 71 -86 24 -4 -91 13 66
-95 -80 -64 30 -18 16 -84 -41 -26 29 74 0 25 86 -6 -38 64 9 -54 -78 60 70 -31 -74 -2 71 27 -35 81 -64 -30 31 52 -45 -86 -27 -67 -90 -1 -31 31 -91 32 87 -72 76 -26 15 18 17 -75 55 44 89 11 78 27 -96 37 -75
-89 42 76 -69 -54 45 9 -31 61 32 55 25 0 62 -79 74 -33 0 -33 0 -35 -24 -74 -73 -81 -10 11 -46 -89 35 33 20 -18 -69 41 19 0 18 -92 -30 -34 -12 39 43 32 71 68 -33 51 86 -65 -49 -35 -90 79 -67 26 -86 16 86
-49 77 91 30 -50 -48 -40 55 -16 76 -99 86 62 0 -62 -82 -85 3 -15 -85 -86 41 95 -25 44 44 -63 18 96 -15 -31 -37 3 -12 -11 -89 2 97 36 79 -72 -80 26 38 -79 1 -38 -88 -5 -25 -90 -50 0 50 64 -86 29 52 -53 17
-48 12 -28 73 -2 38 64 67 -1 81 51 -6 -79 -62 0 -15 80 -12 -74 46 -62 1 -37 45 17 44 -5 55 27 77 50 -92 -23 16 96 21 -97 -96 -78 -64 55 -49 12 0 19 -25 36 92 -38 -47 -46 -91 1 -1 -32 31 31 -49 -81 63
-8 -13 72 57 -39 91 -12 5 10 -29 1 -38 74 -82 -15 0 -43 16 43 -35 -66 91 93 -84 77 72 71 50 47 -45 80 70 46 -37 49 65 -99 31 -45 -73 68 55 -11 -53 2 -68 39 -58 -5 58 -51 95 -72 99 -97 0 -14 -91 38 43
28 -31 51 -20 -99 -35 -50 66 -20 -90 -70 64 -33 -85 80 -43 0 -49 -14 -55 45 -36 -55 -50 49 -45 -2 38 -16 74 98 -52 -49 -52 97 -93 38 -23 15 -26 38 -47 -84 -38 93 98 97 38 -9 -58 -65 -10 -74 67 -49 -57 -50 -86 25 14
-23 -17 -67 -83 85 -85 -65 10 88 -66 29 9 0 3 -12 16 -49 0 -84 94 12 -40 -95 -72 61 90 -95 -21 -56 -95 54 -75 -73 -13 34 70 53 -17 -51 41 23 -19 48 87 -42 -92 17 -65 -75 -15 25 55 -64 -52 7 -96 -28 -54 -62 86
-56 6 6 70 51 64 -10 7 -63 -42 -86 -54 -33 -15 -74 43 -14 -84 0 98 -31 -7 68 74 -66 -47 55 -12 6 -84 -66 41 68 28 -17 -20 -61 -89 -85 -26 96 53 88 -59 -1 91 91 -63 26 91 -70 -14 37 64 -26 81 64 -25 -27 -18
-23 46 23 94 79 -20 -89 45 57 -43 91 -78 0 -85 46 -35 -55 94 98 0 -22 7 -45 48 -91 -82 33 -85 71 2 33 70 47 90 76 73 15 75 61 47 -2 0 -84 21 -12 -42 -10 0 97 73 -49 -26 47 -49 -21 -64 -52 64 -15 40
20 -77 -97 37 53 -31 9 -48 -74 -89 -2 60 -35 -86 -62 -66 45 12 -31 -22 0 73 79 -18 -34 89 9 -10 82 10 -71 90 3 80 43 -31 44 72 -27 -39 -69 -49 46 -60 -64 -10 0 -45 17 96 15 -96 14 -37 22 -71 18 5 46 -75
-38 84 -34 -91 -34 -66 83 30 -74 30 -77 70 -24 41 1 91 -36 -40 -7 7 73 0 -19 -67 83 61 72 -4 -42 -61 24 -94 37 -3 -84 -45 8 -20 31 44 -59 28 34 59 -28 -51 41 -98 -58 -69 -37 -89 -68 60 9 78 -90 89 13 -50
-9 -29 70 -81 -74 -59 -16 -82 55 22 65 -31 -74 95 -37 93 -55 -95 68 -45 79 -19 0 16 -3 -33 63 -70 82 -7 45 -23 -56 -6 63 -26 -10 -50 -4 -9 2 -36 67 -16 97 27 44 22 -34 52 10 -30 21 9 80 -56 -32 -11 29 -56
-36 -62 -55 5 -39 -19 -4 -40 -15 30 -89 -74 -73 -25 45 -84 -50 -72 74 48 -18 -67 16 0 -18 -54 -24 -19 36 -71 79 13 -51 -45 45 -27 -72 -4 -58 -14 86 -32 -24 53 -94 62 -6 31 20 62 -81 61 97 -94 11 69 -33 -9 -72 38
-89 48 -63 73 -4 3 61 34 43 97 -47 -2 -81 44 17 77 49 61 -66 -91 -34 83 -3 -18 0 5 -30 -70 30 0 69 31 -22 71 18 21 -88 47 9 -19 2 27 90 -80 -6 -91 70 -89 30 -43 83 39 22 62 -63 73 -39 55 -45 -19
52 0 79 -58 -42 -54 -17 22 -69 -32 18 71 -10 44 44 72 -45 90 -47 -82 89 61 -33 -54 5 0 -9 -12 -66 57 32 61 -8 24 -23 77 24 91 20 7 14 86 -71 -12 8 7 -77 0 33 -14 -97 10 99 -94 20 -66 -87 -26 0 -98
-67 46 98 -28 -20 1 88 0 -82 61 -47 27 11 -63 -5 71 -2 -95 55 33 9 72 63 -24 -30 -9 0 -2 -89 -7 46 54 -47 55 6 62 83 -81 10 -94 -56 -26 63 23 -48 47 83 40 75 34 33 18 22 67 -21 58 -92 25 80 -40
45 -10 31 25 -95 38 -12 0 -58 11 39 -35 -46 18 55 50 38 -21 -12 -85 -10 -4 -70 -19 -70 -12 -2 0 -9 41 -92 71 0 -81 70 37 -12 18 40 -98 -3 -8 24 -39 36 85 -23 -4 -61 17 -88 76 -49 -22 42 78 94 -45 10 -88
-92 -34 79 91 -78 -62 17 -69 -95 -28 -69 81 -89 96 27 47 -16 -56 6 71 82 -42 82 36 30 -66 -89 -9 0 -11 73 10 6 76 11 -86 -48 10 59 -70 -2 41 88 65 -23 -35 81 -88 -77 80 -60 67 25 15 -85 -43 77 -67 -13 51
-53 -94 53 68 -9 -55 26 16 19 1 34 -64 35 -15 77 -45 74 -95 -84 2 10 -61 -7 -71 0 57 -7 41 -11 0 98 20 91 26 30 94 -30 50 55 -42 -10 12 27 42 -78 -26 98 -13 85 -85 15 41 -3 -76 -61 -92 -1 -32 -11 47
-73 12 80 -57 -8 -48 31 -89 44 80 56 -30 33 -31 50 80 98 54 -66 33 -71 24 45 79 69 32 46 -92 73 98 0 -96 65 -90 19 96 13 45 -69 -36 39 70 -24 -44 97 -73 95 28 20 -67 -71 52 56 -56 42 -41 -45 80 86 -9
86 -24 -61 -96 -6 -56 72 -83 7 81 -96 31 20 -37 -92 70 -52 -75 41 70 90 -94 -23 13 31 61 54 71 10 20 -96 0 85 77 13 83 -41 -48 44 -67 -3 96 42 20 51 -91 78 53 -5 79 -18 53 88 53 30 84 -45 92 -11 -47
88 -39 95 84 90 -42 -20 -61 -84 -12 77 52 -18 3 -23 46 -49 -73 68 47 3 37 -56 -51 -22 -8 -47 0 6 91 65 85 0 -26 -72 -40 81 -77 12 -98 57 61 1 -4 -19 8 -98 -65 79 3 94 61 89 -42 23 59 87 5 66 60
66 -79 79 -48 -4 -85 69 1 -80 91 25 -45 -69 -12 16 -37 -52 -13 28 90 80 -3 -6 -45 71 24 55 -81 76 26 -90 77 -26 0 65 -27 84 -35 -75 -57 11 -19 57 -5 74 -64 -38 -20 -99 79 -15 -95 26 -49 57 -77 -86 -59 -41 -21
-56 -73 16 -72 -79 -70 62 61 89 24 78 -86 41 -11 96 49 97 34 -17 76 43 -84 63 45 18 -23 6 70 11 30 19 13 -72 65 0 19 -60 96 -73 -63 57 -52 72 -16 30 15 -35 -13 -16 4 -13 -63 -85 92 8 49 10 36 -49 -43
90 30 76 -96 -11 39 -27 8 -22 -13 -97 -27 19 -89 21 65 -93 70 -20 73 -31 -45 -26 -27 21 77 62 37 -86 94 96 83 -40 -27 19 0 39 -33 -77 87 -25 41 50 -19 -54 -45 -85 82 -8 20 -44 94 74 50 -72 31 -83 -46 -55 0
-48 -34 -34 43 54 -8 42 -68 93 -5 -51 -67 0 2 -97 -99 38 53 -61 15 44 8 -10 -72 -88 24 83 -12 -48 -30 13 -41 81 84 -60 39 0 82 34 -34 -70 15 -4 92 -68 -99 -82 -52 18 -12 19 52 57 -5 86 29 33 -45 0 27
38 -35 75 30 -18 -86 71 17 44 9 -57 -90 18 97 -96 31 -23 -17 -89 75 72 -20 -50 -4 47 91 -81 18 10 50 45 -48 -77 -35 96 -33 82 0 -34 45 -93 -25 -16 -75 -18 -15 -28 66 -26 -41 -25 43 -79 38 -52 55 -43 41 23 8
-66 -96 -90 84 37 -84 14 -10 82 14 -40 -1 -92 36 -78 -45 15 -51 -85 61 -27 31 -4 -58 9 20 10 40 59 55 -69 44 12 -75 -73 -77 34 -34 0 9 96 40 -43 -49 -64 -99 -9 98 63 -86 79 65 -95 -5 -45 -32 -88 -58 73 88
45 -8 -82 32 25 94 -17 -23 65 7 -18 -31 -30 79 -64 -73 -26 41 -26 47 -39 44 -9 -14 -19 7 -94 -98 -70 -42 -36 -67 -98 -57 -63 87 -34 45 9 0 54 -49 -56 95 29 29 27 -80 -8 92 84 -59 -38 -82 -2 -21 -64 -54 -31 -74
54 -53 43 -31 -95 -83 85 43 -79 56 7 31 -34 -72 55 68 38 23 96 -2 -69 -59 2 86 2 14 -56 -3 -2 -10 39 -3 57 11 57 -25 -70 -93 96 54 0 39 76 -58 5 -54 -79 -79 -69 -76 25 3 34 72 27 14 78 -44 -1 89
-26 95 -40 64 56 17 14 60 -79 -44 71 -91 -12 -80 -49 55 -47 -19 53 0 -49 28 -36 -32 27 86 -26 -8 41 12 70 96 61 -19 -52 41 15 -25 40 -49 39 0 47 -77 -90 -73 76 67 73 -93 -78 9 -78 44 45 57 23 0 -8 -93
50 -19 -52 3 -84 -86 29 -98 -83 -79 69 32 39 26 12 -11 -84 48 88 -84 46 34 67 -24 90 -71 63 24 88 27 -24 42 1 57 72 50 -4 -16 -43 -56 76 47 0 97 -19 -51 -29 -69 -42 -48 -68 -94 62 15 15 40 -87 0 -23 -14
12 9 9 -31 97 17 65 86 -15 -47 -98 87 43 38 0 -53 -38 87 -59 21 -60 59 -16 53 -80 -12 23 -39 65 42 -44 20 -4 -5 -16 -19 92 -75 -49 95 -58 -77 97 0 -21 96 -56 13 96 14 26 56 71 -91 79 -62 -22 -1 -25 38
80 -46 82 -69 64 1 -30 22 -1 95 39 -72 32 -79 19 2 93 -42 -1 -12 -64 -28 97 -94 -6 8 -48 36 -23 -78 97 51 -19 74 30 -54 -68 -18 -64 29 5 -90 -19 -21 0 -12 48 -97 -90 -25 31 5 17 57 0 18 74 78 87 69
85 -43 -64 93 81 -23 72 -48 16 -58 9 76 71 1 -25 -68 98 -92 91 -42 -10 -51 27 62 -91 7 47 85 -35 -26 -73 -91 8 -64 15 -45 -99 -15 -99 29 -54 -73 -51 96 -12 0 -41 -67 0 -61 -35 -94 73 29 -36 -41 33 -18 32 -90
68 8 4 69 -54 7 -36 3 12 -27 -39 -26 68 -38 36 39 97 17 91 -10 0 41 44 -6 70 -77 83 -23 81 98 95 78 -98 -38 -35 -85 -82 -28 -9 27 -79 76 -29 -56 48 -41 0 94 15 0 36 9 -2 15 67 -88 59 -30 -51 -6
35 3 -3 78 -51 99 -86 -81 26 35 -81 15 -33 -88 92 -58 38 -65 -63 0 -45 -98 22 31 -89 0 40 -4 -88 -13 28 53 -65 -20 -13 82 -52 66 98 -80 -79 67 -69 13 -97 -67 94 0 -71 38 69 35 41 29 93 42 74 81 -84 -76
-36 -57 -19 57 -78 -9 -12 -93 -10 31 48 18 51 -5 -38 -5 -9 -75 26 97 17 -58 -34 20 30 33 75 -61 -77 85 20 -5 79 -99 -16 -8 18 -26 63 -8 -69 73 -42 96 -90 0 15 -71 0 -86 -17 95 -60 -26 72 -59 14 -14 -48 43
25 -28 84 28 51 25 -48 58 76 -98 0 17 86 -25 -47 58 -58 -15 91 73 96 -69 52 62 -43 -14 34 17 80 -85 -67 79 3 79 4 20 -12 -41 -86 92 -76 -93 -48 14 -25 -61 0 38 -86 0 62 18 66 23 -55 -60 -46 9 -59 -9
43 81 68 -49 89 -31 -14 -57 -6 96 25 -75 -65 -90 -46 -51 -65 25 -70 -49 15 -37 10 -81 83 -97 33 -88 -60 15 -71 -18 94 -15 -13 -44 19 -25 79 84 25 -78 -68 26 31 -35 36 69 -17 62 0 -7 98 5 98 15 37 48 92 -10
35 60 -33 5 -59 24 84 -37 -89 69 66 55 -49 -50 -91 95 -10 55 -14 -26 -96 -89 -30 61 39 10 18 76 67 41 52 53 61 -95 -63 94 52 43 65 -59 3 9 -94 56 5 -94 9 35 95 18 -7 0 60 -18 -77 -56 -8 21 -50 81
32 2 -48 18 -30 98 14 -37 -43 -5 39 44 -35 0 1 -72 -74 -64 37 47 14 -68 21 97 22 99 22 -49 25 -3 56 88 89 26 -85 74 57 -79 -95 -38 34 -78 62 71 17 73 -2 41 -60 66 98 60 0 5 -12 3 37 -97 -92 -67
-26 -5 -71 -10 56 -96 -30 20 75 -2 71 89 -90 50 -1 99 67 -52 64 -49 -37 60 9 -94 62 -94 67 -22 15 -76 -56 53 -42 -49 92 50 -5 38 -5 -82 72 44 15 -91 57 29 15 29 -26 23 5 -18 5 0 -2 28 -3 -55 -53 -53
88 -58 99 93 20 -67 59 -50 90 -45 -86 11 79 64 -32 -97 -49 7 -26 -21 22 9 80 11 -63 20 -21 42 -85 -61 42 30 23 57 8 -72 86 -52 -45 -2 27 45 15 79 0 -36 67 93 72 -55 98 -77 -12 -2 0 -81 5 -93 13 55
-74 9 28 -22 -72 -86 -5 9 -80 38 24 78 -67 -86 31 0 -57 -96 81 -64 -71 78 -56 69 73 -66 58 78 -43 -92 -41 84 59 -77 49 31 29 55 -32 -21 14 57 40 -62 18 -41 -88 42 -59 -60 15 -56 3 28 -81 0 -35 -62 -57 39
18 -61 -23 -4 -16 63 30 -41 -43 95 -4 27 26 29 31 -14 -50 -28 64 -52 18 -90 -32 -33 -39 -87 -92 94 77 -1 -45 -45 87 -86 10 -83 33 -43 -88 -64 78 23 -87 -22 74 33 59 74 14 -46 37 -8 37 -3 5 -35 0 -51 -35 -17
-9 28 -14 78 -92 -46 -5 -9 96 -13 -91 -96 -86 52 -49 -91 -86 -54 -25 64 5 89 -11 -9 55 -26 25 -45 -67 -32 80 92 5 -59 36 -46 -45 41 -58 -54 -44 0 0 -1 78 -18 -30 81 -14 9 48 21 -97 -55 -93 -62 -51 0 80 48
24 -78 7 -67 70 -7 53 -8 23 -67 13 37 16 -53 -81 38 25 -62 -27 -15 46 13 29 -72 -45 0 80 10 -13 -11 86 -11 66 -41 -49 -55 0 23 73 -31 -1 -8 -23 -25 87 32 -51 -84 -48 -59 92 -50 -92 -53 13 -57 -35 80 0 -7
-55 82 0 49 -13 12 -7 36 -92 85 66 -75 86 17 63 43 14 86 -18 40 -75 -50 -56 38 -19 -98 -40 -88 51 47 -9 -47 60 -21 -43 0 27 8 88 -74 89 -93 -14 38 69 -90 -6 -76 43 -9 -10 81 -67 -53 55 39 -17 48 -7 0

0 -17 -74 27 -74 -23 46 61 -46 3 89 -76 26 97 -78 20 -7 -61 96 -96 -94 61 14 -3 -85 0 93 -25 -31 34 -73 89 0 -27 -23 35 30 -3 -98 54 -81 99 -91 48 31 -94 35 -85 -84 71 0 -82 -97 -60 37 -39 69 -82 -32 -23
-17 0 39 41 18 76 84 -1 68 -86 97 -17 -79 -86 35 16 40 -37 -23 32 -97 99 -39 -70 -34 -85 88 -72 -1 -40 -39 -11 -39 -75 -10 91 -49 43 43 -34 51 77 -15 30 33 -48 42 -46 -60 87 30 -61 54 11 33 -78 35 -91 -34 -58
-74 39 0 42 1 -64 -30 -45 37 -97 55 -97 13 33 92 -52 -80 -32 82 -97 76 94 -79 11 -88 22 -92 29 69 -27 13 -79 -89 -90 -19 -81 -38 18 -2 50 -19 40 -30 -28 95 -44 60 -62 89 -22 -30 -69 -98 17 44 99 -54 -13 91 44
27 41 42 0 82 -29 39 99 -82 41 -8 81 15 37 95 4 7 -7 -13 -65 -34 20 8 82 6 5 87 20 34 -19 -44 -1 -43 60 80 44 -80 76 -19 69 42 61 20 51 -97 37 42 73 -26 -81 89 -34 88 -2 96 -92 -47 -48 -9 35
-74 18 1 82 0 81 -95 -6 -47 -88 -46 -32 -32 -90 55 7 18 -55 20 -26 -3 94 30 -3 52 96 95 2 24 42 20 -45 -5 -49 -84 88 18 80 -66 -82 70 -77 -73 51 -67 -70 61 82 63 32 86 85 92 8 19 75 33 -38 44 -44
-23 76 -64 -29 81 0 -16 74 -58 57 81 72 -94 -79 -10 89 -44 -14 -46 -51 14 -46 -64 81 85 -57 -81 -35 79 30 55 61 94 -11 72 -94 76 86 94 -26 -41 -43 -16 -56 42 -60 34 -83 88 -78 -50 -93 -71 -14 84 -18 8 2 34 16
46 84 -30 39 -95 -16 0 73 1 -46 47 86 -39 -3 -14 -8 86 43 -35 68 15 81 -25 81 -81 -64 28 58 -90 94 9 -59 26 7 -74 19 24 48 -52 22 61 32 27 -84 69 28 -33 -75 62 -29 -3 -51 97 -52 -18 -44 -67 82 84 -28
61 -1 -45 99 -6 74 73 0 -33 -71 40 30 45 20 -7 -14 93 1 -1 -78 46 73 -19 -81 -42 82 14 -32 -33 -15 86 98 93 2 -93 -55 -74 -25 67 74 -36 -97 83 -87 70 -64 -15 9 -94 65 55 85 -19 76 -50 42 28 62 50 -36
-46 68 37 -82 -47 -58 1 -33 0 -43 -2 25 -81 -53 0 42 73 58 81 1 -10 -48 -24 -93 36 -59 22 24 -33 -69 -53 -9 75 -90 31 19 -17 32 4 56 -99 30 -62 43 -55 73 89 57 -20 -27 -40 44 63 3 32 85 3 70 98 -57
3 -86 -97 41 -88 57 -46 -71 -43 0 -96 -90 -13 44 -27 -68 19 72 39 -83 73 -62 -61 -78 0 78 31 -7 -30 15 -73 -48 -37 -66 -34 -52 -14 33 -50 -32 -49 39 9 -97 -13 61 -92 -47 84 -32 -4 -72 42 34 -43 56 -49 -6 4 -74
89 97 55 -8 -46 81 47 40 -2 -96 0 19 93 6 -38 -1 -55 -64 -17 -63 -1 74 46 60 80 4 -54 98 -44 44 70 80 36 99 -94 -6 12 -10 -54 -66 57 -40 -68 77 -24 -77 -21 -72 21 50 76 71 -3 -23 -78 76 -96 68 -47 47
-76 -17 -97 81 -32 72 86 30 25 -90 19 0 -28 -82 -57 -5 -64 -58 -87 -15 -57 56 -46 46 -16 36 -50 -38 94 31 -52 20 37 30 -31 41 -2 87 -99 17 -1 87 63 77 -60 3 -99 79 -11 -48 -28 0 11 13 24 89 16 -84 -97 24
26 -79 13 15 -32 -94 -39 45 -81 -13 93 -28 0 57 85 34 -14 -89 43 88 77 14 66 -7 12 -31 -25 -25 -13 -74 -45 17 -78 -52 -69 64 -16 55 -87 -70 46 -71 87 -60 -68 38 52 -74 50 66 -27 0 20 46 61 84 65 93 43 60
97 -86 33 37 -90 -79 -3 20 -53 44 6 -82 57 0 -29 24 61 43 71 62 -87 27 -36 -5 -3 -97 41 31 -75 1 95 -63 36 37 78 -75 -27 -8 -25 -44 42 72 82 61 57 98 -36 96 19 81 40 96 -8 86 74 -72 84 82 -16 -29
-78 35 92 95 55 -10 -14 -7 0 -27 -38 -57 85 -29 0 81 65 -27 -98 -21 66 -82 37 19 39 -99 41 11 -88 63 -2 14 62 -3 -76 67 -91 72 -19 49 -7 -20 -37 -74 -34 59 -18 -45 27 91 -76 -96 -25 72 38 -71 -13 3 20 -32
20 16 -52 4 7 89 -8 -14 42 -68 -1 -5 34 24 81 0 42 53 14 83 -70 11 -28 77 -83 80 -40 79 21 64 81 76 -13 -36 85 -57 90 -65 68 11 4 -84 67 -58 -90 -7 11 6 -49 -6 -85 -50 59 -72 20 73 -50 -75 -1 35
-7 40 -80 7 18 -44 86 93 73 19 -55 -64 -14 61 65 42 0 -24 -11 76 86 -11 32 -62 -53 24 -89 52 -39 33 76 -35 16 -33 -16 -31 -73 -6 93 -34 -51 -43 62 79 58 81 27 45 82 -28 -47 94 83 89 78 47 23 67 99 59
-61 -37 -32 -7 -55 -14 43 1 58 72 -64 -58 -89 43 -27 53 -24 0 -1 -43 74 30 19 93 52 -87 -78 -24 -69 -22 -30 -58 -34 78 -19 25 64 -49 86 -75 22 25 -3 -95 -2 -79 -49 70 65 -29 -13 71 57 -56 -95 17 -47 -49 73 -58
96 -23 82 -13 20 -46 -35 -1 81 39 -17 -87 43 71 -98 14 -11 -1 0 -71 75 4 95 21 -20 89 -6 9 -20 -81 48 -69 66 -41 99 -70 -56 -70 -98 -26 -77 -96 -46 89 84 -85 43 20 19 -66 -50 23 82 -32 -77 -14 -39 -8 99 -26
-96 32 -97 -65 -26 -51 68 -78 1 -83 -63 -15 88 62 -21 83 76 -43 -71 0 97 54 46 40 7 -85 18 -31 10 -23 58 -12 -1 30 44 99 -79 -55 -91 -98 15 19 69 -53 48 -12 -54 -20 -97 68 -86 8 -93 -2 87 -14 39 -70 -15 43
-94 -97 76 -34 -3 14 15 46 -10 73 -1 -57 77 -87 66 -70 86 74 75 97 0 -14 -49 -47 -20 67 -71 9 15 58 -97 -33 -93 -95 83 31 49 -88 -10 -88 20 -84 -25 35 86 -2 -5 32 -19 -77 74 76 71 -63 -7 29 51 72 -12 -24
61 99 94 20 94 -46 81 73 -48 -62 74 56 14 27 -82 11 -11 30 4 54 -14 0 18 -55 -49 31 0 -6 98 68 4 54 -85 -7 97 5 98 -57 -35 3 -77 11 11 78 -40 -55 26 63 8 58 86 11 0 61 -12 -75 52 -23 50 5
14 -39 -79 8 30 -64 -25 -19 -24 -61 46 -46 66 -36 37 -28 32 19 95 46 -49 18 0 -87 -98 -1 -61 65 28 -78 21 -81 -5 48 54 -48 50 86 -70 -2 -72 63 -90 22 -2 -37 67 52 41 -79 11 61 47 61 78 -22 42 -93 -82 47
-3 -70 11 82 -3 81 81 -81 -93 -78 60 46 -7 -5 19 77 -62 93 21 40 -47 -55 -87 0 85 18 -31 -24 -5 -95 10 7 13 84 -52 55 -89 74 -60 -23 -59 14 -7 11 -41 -51 -23 -3 -79 82 72 17 49 -41 -70 -70 -57 53 -99 71
-85 -34 -88 6 52 85 -81 -42 36 0 80 -16 12 -3 39 -83 -53 52 -20 7 -20 -49 -98 85 0 -42 -66 -62 -95 26 97 -8 12 97 -50 -58 66 -86 72 46 -78 70 -71 73 7 21 91 -10 60 -55 75 45 -40 92 -91 45 71 -85 42 82
0 -85 22 5 96 -57 -64 82 -59 78 4 36 -31 -97 -99 80 24 -87 89 -85 67 31 -1 18 -42 0 -5 21 24 44 77 -79 -78 -57 24 40 71 -13 -24 -29 73 22 -96 94 -42 -66 74 24 -50 -61 32 15 82 -46 -92 91 32 31 -96 0
93 88 -92 87 95 -81 28 14 22 31 -54 -50 -25 41 41 -40 -89 -78 -6 18 -71 0 -61 -31 -66 -5 0 -78 54 -50 -46 45 44 0 -35 6 16 24 -76 6 84 98 -74 -72 60 -86 89 9 58 69 -40 19 -7 -7 -51 39 -26 -2 -73 -12
-25 -72 29 20 2 -35 58 -32 24 -7 98 -38 -25 31 11 79 52 -24 9 -31 9 -6 65 -24 -62 21 -78 0 -2 83 99 75 -81 -91 -1 34 -75 -32 -25 -80 -41 89 69 -88 17 16 -1 -99 -33 5 -84 -18 -41 53 -33 11 84 69 -37 -63
-31 -1 69 34 24 79 -90 -33 -33 -30 -44 94 -13 -75 -88 21 -39 -69 -20 10 15 98 28 -5 -95 24 54 -2 0 19 6 -71 75 67 -7 13 -68 87 -54 81 75 -84 23 27 79 -16 -63 -67 -65 20 -25 -27 93 39 -4 -31 -41 -53 -65 -2
34 -40 -27 -19 42 30 94 -15 -69 15 44 31 -74 1 63 64 33 -22 -81 -23 58 68 -78 -95 26 44 -50 83 19 0 22 -85 -91 -16 32 2 -80 -52 31 58 -40 86 -34 54 -86 -61 -67 99 7 67 -66 29 96 85 -76 96 97 -46 34 23
-73 -39 13 -44 20 55 9 86 -53 -73 70 -52 -45 95 -2 81 76 -30 48 58 -97 4 21 10 97 77 -46 99 6 22 0 25 -13 -9 -84 20 47 -39 -77 -96 86 -77 -74 44 -85 56 -97 79 -8 77 88 68 96 -78 99 67 82 -79 6 -95
89 -11 -79 -1 -45 61 -59 98 -9 -48 80 20 17 -63 14 76 -35 -58 -69 -12 -33 54 -81 7 -8 -79 45 75 -71 -85 25 0 -83 -82 1 4 58 -77 40 71 62 84 -29 -4 9 75 -91 99 54 26 -62 41 25 36 -91 -8 -90 -83 -43 8
0 -39 -89 -43 -5 94 26 93 75 -37 36 37 -78 36 62 -13 16 -34 66 -1 -93 -85 -5 13 12 -78 44 -81 75 -91 -13 -83 0 54 84 33 -20 93 -35 80 21 85 -99 -93 31 81 39 0 18 -71 -98 -65 -15 51 99 -83 37 -81 76 -90
-27 -75 -90 60 -49 -11 7 2 -90 -66 99 30 -52 37 -3 -36 -33 78 -41 30 -95 -7 48 84 97 -57 0 -91 67 -16 -9 -82 54 0 -95 82 28 -68 -29 -12 -71 -57 19 32 -37 -6 38 -18 -69 71 38 44 67 -17 3 94 -30 -16 52 16
-23 -10 -19 80 -84 72 -74 -93 31 -34 -94 -31 -69 78 -76 85 -16 -19 99 44 83 97 54 -52 -50 24 -35 -1 -7 32 -84 1 84 -95 0 84 18 -81 -44 21 -58 -1 -55 35 -95 73 -31 52 -21 23 -95 -44 -25 -45 29 83 41 -30 33 -12
35 91 -81 44 88 -94 19 -55 19 -52 -6 41 64 -75 67 -57 -31 25 -70 99 31 5 -48 55 -58 40 6 34 13 2 20 4 33 82 84 0 -60 -42 12 99 -42 -83 37 27 -64 64 73 -5 -16 -80 -30 7 -93 -38 16 -51 95 -60 0 53
30 -49 -38 -80 18 76 24 -74 -17 -14 12 -2 -16 -27 -91 90 -73 64 -56 -79 49 98 50 -89 66 71 16 -75 -68 -80 47 58 -20 28 18 -60 0 4 67 61 -22 -14 84 -18 -19 7 90 -67 24 27 -93 -65 73 88 35 86 -59 -53 32 -5
-3 43 18 76 80 86 48 -25 32 33 -10 87 55 -8 72 -65 -6 -49 -70 -55 -88 -57 86 74 -86 -13 24 -32 87 -52 -39 -77 93 -68 -81 -42 4 0 -11 -25 -32 -58 86 28 -81 5 -74 73 23 -91 47 -54 -70 -61 10 95 84 33 57 -22
-98 43 -2 -19 -66 94 -52 67 4 -50 -54 -99 -87 -25 -19 68 93 86 -98 -91 -10 -35 -70 -60 72 -24 -76 -25 -54 31 -77 40 -35 -29 -44 12 67 -11 0 72 52 -63 -31 73 -91 -50 54 -54 -56 36 74 -65 -58 4 -22 -4 51 -93 38 -78
54 -34 50 69 -82 -26 22 74 56 -32 -66 17 -70 -44 49 11 -34 -75 -26 -98 -88 3 -2 -23 46 -29 6 -80 81 58 -96 71 80 -12 21 99 61 -25 72 0 97 -83 34 -79 -77 -31 -78 -25 -71 7 -93 -52 -93 86 55 -14 54 -11 63 14
-81 51 -19 42 70 -41 61 -36 -99 -49 57 -1 46 42 -7 4 -51 22 -77 15 20 -77 -72 -59 -78 73 84 -41 75 -40 86 62 21 -71 -58 -42 -22 -32 52 97 0 71 55 57 -32 1 78 51 42 90 67 62 -60 69 -30 -85 40 80 -42 -79
99 77 40 61 -77 -43 32 -97 30 39 -40 87 -71 72 -20 -84 -43 25 -96 19 -84 11 63 14 70 22 98 89 -84 86 -77 84 85 -57 -1 -83 -14 -58 -63 -83 71 0 45 90 -64 13 -23 -49 -55 -17 -91 0 20 -69 -65 -60 89 63 -19 -61
-91 -15 -30 20 -73 -16 27 83 -62 9 -68 63 87 82 -37 67 62 -3 -46 69 -25 11 -90 -7 -71 -96 -74 69 23 -34 -74 -29 -99 19 -55 37 84 86 -31 34 55 45 0 24 26 -76 -79 -86 -54 3 -96 11 -82 93 17 -45 43 10 71 74
48 30 -28 51 51 -56 -84 -87 43 -97 77 77 -60 61 -74 -58 79 -95 89 -53 35 78 22 11 73 94 -72 -88 27 54 44 -4 -93 32 35 27 -18 28 73 -79 57 90 24 0 52 -68 -79 -56 48 -45 47 30 70 -17 -48 -34 47 66 -97 -65
31 33 95 -97 -67 42 69 70 -55 -13 -24 -60 -68 57 -34 -90 58 -2 84 48 86 -40 -2 -41 7 -42 60 17 79 -86 -85 9 31 -37 -95 -64 -19 -81 -91 -77 -32 -64 26 52 0 50 39 26 -33 -49 -9 52 78 44 -46 0 -2 -94 25 58
-94 -48 -44 37 -70 -60 28 -64 73 61 -77 3 38 98 59 -7 81 -79 -85 -12 -2 -55 -37 -51 21 -66 -86 16 -16 -61 56 75 81 -6 73 64 7 5 -50 -31 1 13 -76 -68 50 0 -69 -67 -75 -59 34 29 -99 -65 -80 66 45 -17 14 -33
35 42 60 42 61 34 -33 -15 89 -92 -21 -99 52 -36 -18 11 27 -49 43 -54 -5 26 67 -23 91 74 89 -1 -63 -67 -97 -91 39 38 -31 73 90 -74 54 -78 78 -23 -79 -79 39 -69 0 -67 -84 -12 7 57 1 -85 -51 87 41 -30 -61 51
-85 -46 -62 73 82 -83 -75 9 57 -47 -72 79 -74 96 -45 6 45 70 20 -20 32 63 52 -3 -10 24 9 -99 -67 99 79 99 0 -18 52 -5 -67 73 -54 -25 51 -49 -86 -56 26 -67 -67 0 -46 -31 82 93 -88 38 -7 -44 -16 94 -87 97
-84 -60 89 -26 63 88 62 -94 -20 84 21 -11 50 19 27 -49 82 65 19 -97 -19 8 41 -79 60 -50 58 -33 -65 7 -8 54 18 -69 -21 -16 24 23 -56 -71 42 -55 -54 48 -33 -75 -84 -46 0 -69 19 -93 -4 56 -87 89 5 85 50 74
71 87 -22 -81 32 -78 -29 65 -27 -32 50 -48 66 81 91 -6 -28 -29 -66 68 -77 58 -79 82 -55 -61 69 5 20 67 77 26 -71 71 23 -80 27 -91 36 7 90 -17 3 -45 -49 -59 -12 -31 -69 0 -46 -46 -90 9 57 -6 -16 -40 -88 -3
0 30 -30 89 86 -50 -3 55 -40 -4 76 -28 -27 40 -76 -85 -47 -13 -50 -86 74 86 11 72 75 32 -40 -84 -25 -66 88 -62 -98 38 -95 -30 -93 47 74 -93 67 -91 -96 47 -9 34 7 82 19 -46 0 60 80 39 70 58 22 25 -69 46
-82 -61 -69 -34 85 -93 -51 85 44 -72 71 0 0 96 -96 -50 94 71 23 8 76 11 61 17 45 15 19 -18 -27 29 68 41 -65 44 -44 7 -65 -54 -65 -52 62 0 11 30 52 29 57 93 -93 -46 60 0 -77 -28 -47 96 87 24 48 -33
-97 54 -98 88 92 -71 97 -19 63 42 -3 11 20 -8 -25 59 83 57 82 -93 71 0 47 49 -40 82 -7 -41 93 96 96 25 -15 67 -25 -93 73 -70 -58 -93 -60 20 -82 70 78 -99 1 -88 -4 -90 80 -77 0 94 76 -52 0 -3 40 -93
-60 11 17 -2 8 -14 -52 76 3 34 -23 13 46 86 72 -72 89 -56 -32 -2 -63 61 61 -41 92 -46 -7 53 39 85 -78 36 51 -17 -45 -38 88 -61 4 86 69 -69 93 -17 44 -65 -85 38 56 9 39 -28 94 0 -97 -82 -43 47 -73 -64
37 33 44 96 19 84 -18 -50 32 -43 -78 24 61 74 38 20 78 -95 -77 87 -7 -12 78 -70 -91 -92 -51 -33 -4 -76 99 -91 99 3 29 16 35 10 -22 55 -30 -65 17 -48 -46 -80 -51 -7 -87 57 70 -47 76 -97 0 13 -62 -27 74 28
-39 -78 99 -92 75 -18 -44 42 85 56 76 89 84 -72 -71 73 47 17 -14 -14 29 -75 -22 -70 45 91 39 11 -31 96 67 -8 -83 94 83 -51 86 95 -4 -14 -85 -60 -45 -34 0 66 87 -44 89 -6 58 96 -52 -82 13 0 -83 93 34 7
69 35 -54 -47 33 8 -67 28 3 -49 -96 16 65 84 -13 -50 23 -47 -39 39 51 52 42 -57 71 32 -26 84 -41 97 82 -90 37 -30 41 95 -59 84 51 54 40 89 43 47 -2 45 41 -16 5 -16 22 87 0 -43 -62 -83 0 17 -6 -49
-82 -91 -13 -48 -38 2 82 62 70 -6 68 -84 93 82 3 -75 67 -49 -8 -70 72 -23 -93 53 -85 31 -2 69 -53 -46 -79 -83 -81 -16 -30 -60 -53 33 -93 -11 80 63 10 66 -94 -17 -30 94 85 -40 25 24 -3 47 -27 93 17 0 -61 -15
-32 -34 91 -9 44 34 84 50 98 4 -47 -97 43 -16 20 -1 99 73 99 -15 -12 50 -82 -99 42 -96 -73 -37 -65 34 6 -43 76 52 33 0 32 57 38 63 -42 -19 71 -97 25 14 -61 -87 50 -88 -69 48 40 -73 74 34 -6 -61 0 51
-23 -58 44 35 -44 16 -28 -36 -57 -74 47 24 60 -29 -32 35 59 -58 -26 43 -24 5 47 71 82 0 -12 -63 -2 23 -95 8 -90 16 -12 53 -5 -22 -78 14 -79 -61 74 -65 58 -33 51 97 74 -3 46 -33 -93 -64 28 7 -49 -15 51 0
