25
0 20 95 95 28 15 87 37 66 62 22 44 81 79 64 85 91 28 58 46 46 40 31 82 79
20 0 76 77 31 33 87 36 47 64 10 34 66 92 49 93 77 17 77 58 66 61 12 61 81
95 76 0 2 81 109 92 104 68 129 72 92 25 132 34 163 28 68 153 133 130 134 64 30 93
95 77 2 0 81 110 90 105 70 130 73 93 24 131 34 164 26 68 154 134 130 135 65 32 92
28 31 81 81 0 42 59 62 76 89 21 65 62 62 47 113 71 18 80 74 48 57 32 78 51
15 33 109 110 42 0 100 33 73 53 37 45 97 85 80 71 107 43 43 32 44 30 45 94 91
87 87 92 90 59 100 0 122 123 149 76 122 67 53 66 171 66 70 132 132 83 105 83 107 9
37 36 104 105 62 33 122 0 49 28 46 16 99 116 82 59 110 53 62 32 77 60 45 81 114
66 47 68 70 76 73 123 49 0 66 55 33 75 139 63 102 85 58 111 81 113 103 43 39 119
62 64 129 130 89 53 149 28 66 0 74 36 126 138 110 35 137 81 63 31 95 72 73 103 141
22 10 72 73 21 37 76 46 55 74 0 45 59 84 42 102 69 7 81 65 62 62 12 61 70
44 34 92 93 65 45 122 16 33 36 45 0 90 123 75 71 101 51 78 48 88 74 40 67 115
81 66 25 24 62 97 67 99 75 126 59 90 0 107 17 158 11 53 140 124 110 118 54 44 67
79 92 132 131 62 85 53 116 139 138 84 123 107 0 99 151 111 81 100 113 47 74 95 136 46
64 49 34 34 47 80 66 82 63 110 42 75 17 99 0 141 27 36 123 107 96 102 37 41 64
85 93 163 164 113 71 171 59 102 35 102 71 158 151 141 0 169 109 56 39 103 77 103 138 163
91 77 28 26 71 107 66 110 85 137 69 101 11 111 27 169 0 63 150 135 118 128 65 52 69
28 17 68 68 18 43 70 53 58 81 7 51 53 81 36 109 63 0 86 72 63 66 14 60 64
58 77 153 154 80 43 132 62 111 63 81 78 140 100 123 56 150 86 0 33 52 27 89 137 122
46 58 133 134 74 32 132 32 81 31 65 48 124 113 107 39 135 72 33 0 67 42 69 112 123
46 66 130 130 48 44 83 77 113 95 62 88 110 47 96 103 118 63 52 67 0 26 74 124 74
40 61 134 135 57 30 105 60 103 72 62 74 118 74 102 77 128 66 27 42 26 0 72 122 95
31 12 64 65 32 45 83 45 43 73 12 40 54 95 37 103 65 14 89 69 74 72 0 50 77
82 61 30 32 78 94 107 81 39 103 61 67 44 136 41 138 52 60 137 112 124 122 50 0 105
79 81 93 92 51 91 9 114 119 141 70 115 67 46 64 163 69 64 122 123 74 95 77 105 0

0 2 -58 -54 19 14 -84 -92 28 85 19 12 5 97 1 36 20 -52 -48 45 -9 -64 49 -79 72
2 0 -34 -9 0 -63 5 -84 -44 -57 -43 79 -10 55 76 -17 -87 -32 44 -32 26 68 71 -21 -23
-58 -34 0 21 80 -41 -61 77 0 75 -62 51 44 88 9 42 -22 -79 85 -43 18 -77 68 -36 56
-54 -9 21 0 -63 3 12 -74 -48 43 92 -79 52 89 63 -38 29 90 90 -32 -47 -66 -35 2 84
19 0 80 -63 0 -30 -73 -25 26 -21 37 37 10 -14 -9 -38 15 82 -71 -16 -57 -14 -73 -7 88
14 -63 -41 3 -30 0 -50 0 -25 86 4 -36 -44 57 40 -66 -87 50 24 -66 -87 -78 -23 -66 -40
-84 5 -61 12 -73 -50 0 76 -25 -90 -72 -35 -69 -73 -55 -54 -73 96 -34 1 36 -80 -76 -89 85
-92 -84 77 -74 -25 0 76 0 -86 -19 -71 -61 68 43 -46 0 -83 -29 93 24 32 -37 -18 99 71
28 -44 0 -48 26 -25 -25 -86 0 -84 -27 -11 -68 16 94 97 -64 8 -23 35 -46 -6 -65 -26 45
85 -57 75 43 -21 86 -90 -19 -84 0 -78 -33 67 -44 17 67 -85 40 39 -7 -12 12 85 -53 -55
19 -43 -62 92 37 4 -72 -71 -27 -78 0 59 66 -77 92 -70 -71 85 1 -69 -30 31 -37 -29 -70
12 79 51 -79 37 -36 -35 -61 -11 -33 59 0 49 58 41 -4 -1 -38 39 64 -13 2 32 -71 -31
5 -10 44 52 10 -44 -69 68 -68 67 66 49 0 -3 84 -91 -41 0 21 -47 -15 -26 88 -75 -85
97 55 88 89 -14 57 -73 43 16 -44 -77 58 -3 0 -47 87 43 -67 -4 38 -7 91 42 -20 -76
1 76 9 63 -9 40 -55 -46 94 17 92 41 84 -47 0 -95 87 -41 -67 -20 -8 -13 3 69 -88
36 -17 42 -38 -38 -66 -54 0 97 67 -70 -4 -91 87 -95 0 29 8 -32 27 65 41 -30 -74 -22
20 -87 -22 29 15 -87 -73 -83 -64 -85 -71 -1 -41 43 87 29 0 30 -34 -60 -76 99 -24 12 46
-52 -32 -79 90 82 50 96 -29 8 40 85 -38 0 -67 -41 8 30 0 -43 91 -68 -16 -49 -81 65
-48 44 85 90 -71 24 -34 93 -23 39 1 39 21 -4 -67 -32 -34 -43 0 66 29 -4 0 -24 -9
45 -32 -43 -32 -16 -66 1 24 35 -7 -69 64 -47 38 -20 27 -60 91 66 0 70 -57 7 -72 -35
-9 26 18 -47 -57 -87 36 32 -46 -12 -30 -13 -15 -7 -8 65 -76 -68 29 70 0 -93 72 37 88
-64 68 -77 -66 -14 -78 -80 -37 -6 12 31 2 -26 91 -13 41 99 -16 -4 -57 -93 0 65 5 0
49 71 68 -35 -73 -23 -76 -18 -65 85 -37 32 88 42 3 -30 -24 -49 0 7 72 65 0 94 -5
-79 -21 -36 2 -7 -66 -89 99 -26 -53 -29 -71 -75 -20 69 -74 12 -81 -24 -72 37 5 94 0 -47
72 -23 56 84 88 -40 85 71 45 -55 -70 -31 -85 -76 -88 -22 46 65 -9 -35 88 0 -5 -47 0

0 80 10 -74 -11 -61 -13 -54 92 -10 55 -68 73 -58 -64 -67 13 45 75 41 -4 64 -96 99 26
80 0 50 -58 99 81 42 46 -5 72 -66 24 -41 -8 -90 -64 -88 88 -31 3 25 -52 3 61 -30
10 50 0 49 -45 35 -30 89 -32 -93 -29 -22 -28 91 -23 9 85 83 -51 43 -30 10 48 63 73
-74 -58 49 0 45 39 82 69 55 -19 15 -84 74 91 1 84 -73 -52 -2 -5 -13 -92 28 43 -29
-11 99 -45 45 0 -92 -47 44 -50 -53 -95 -47 38 -93 -87 -20 -1 26 44 -84 -15 94 62 -55 -2
-61 81 35 39 -92 0 88 92 79 -1 56 60 35 16 -33 -99 -86 -82 -97 -32 -76 18 -92 -98 -67
-13 42 -30 82 -47 88 0 -70 -85 -91 4 57 38 -86 -96 -11 -68 43 40 77 -34 94 96 -92 78
-54 46 89 69 44 92 -70 0 -45 47 50 86 -7 72 -37 -58 84 -89 -17 -8 -16 34 51 82 63
92 -5 -32 55 -50 79 -85 -45 0 -98 -27 -11 -74 24 -39 -52 -28 78 98 46 98 7 -13 92 -70
-10 72 -93 -19 -53 -1 -91 47 -98 0 -4 8 -34 99 5 -73 -12 24 -59 -73 55 27 -43 -61 -46
55 -66 -29 15 -95 56 4 50 -27 -4 0 2 -83 98 -19 79 75 -40 -73 -46 -98 63 -65 68 -66
-68 24 -22 -84 -47 60 57 86 -11 8 2 0 2 76 -69 -53 -67 22 0 -62 -18 16 -38 -3 87
73 -41 -28 74 38 35 38 -7 -74 -34 -83 2 0 -67 6 85 -34 -67 89 -7 -55 -99 23 -19 80
-58 -8 91 91 -93 16 -86 72 24 99 98 76 -67 0 -17 -5 42 -51 -40 40 54 -97 10 30 86
-64 -90 -23 1 -87 -33 -96 -37 -39 5 -19 -69 6 -17 0 1 -38 47 -39 54 -77 59 -1 66 51
-67 -64 9 84 -20 -99 -11 -58 -52 -73 79 -53 85 -5 1 0 -42 60 -67 57 4 -35 -44 60 -79
13 -88 85 -73 -1 -86 -68 84 -28 -12 75 -67 -34 42 -38 -42 0 -45 37 -72 62 52 -11 -8 36
45 88 83 -52 26 -82 43 -89 78 24 -40 22 -67 -51 47 60 -45 0 28 -33 91 63 48 -55 -90
75 -31 -51 -2 44 -97 40 -17 98 -59 -73 0 89 -40 -39 -67 37 28 0 -93 13 -80 26 63 -29
41 3 43 -5 -84 -32 77 -8 46 -73 -46 -62 -7 40 54 57 -72 -33 -93 0 87 92 58 50 -86
-4 25 -30 -13 -15 -76 -34 -16 98 55 -98 -18 -55 54 -77 4 62 91 13 87 0 -22 52 72 35
64 -52 10 -92 94 18 94 34 7 27 63 16 -99 -97 59 -35 52 63 -80 92 -22 0 0 -20 -95
-96 3 48 28 62 -92 96 51 -13 -43 -65 -38 23 10 -1 -44 -11 48 26 58 52 0 0 -33 -60
99 61 63 43 -55 -98 -92 82 92 -61 68 -3 -19 30 66 60 -8 -55 63 50 72 -20 -33 0 29
26 -30 73 -29 -2 -67 78 63 -70 -46 -66 87 80 86 51 -79 36 -90 -29 -86 35 -95 -60 29 0

0 88 67 -70 18 64 26 -6 -48 -95 -34 -55 75 35 5 11 -50 -98 89 43 -44 48 74 -23 43
88 0 95 -24 -7 62 -1 -89 -73 -67 -82 -19 -87 12 -32 8 82 -22 92 -23 88 36 80 -49 -18
67 95 0 -25 61 -98 67 -24 -22 90 -4 10 86 72 -48 37 -10 -56 37 91 -48 -6 -35 -67 42
-70 -24 -25 0 61 -76 38 -95 -27 46 -37 -10 65 -33 -71 -39 -67 67 32 -72 -34 66 64 -70 -15
18 -7 61 61 0 -97 -92 -81 -20 80 -11 51 42 -66 73 -82 -67 69 25 -58 34 92 76 92 -7
64 62 -98 -76 -97 0 49 39 -80 22 -95 29 95 68 68 -22 58 -18 -49 -16 0 71 46 94 -79
26 -1 67 38 -92 49 0 47 -85 80 -73 11 20 -73 1 -26 -99 -90 76 64 -17 84 -4 -5 31
-6 -89 -24 -95 -81 39 47 0 73 50 -55 53 74 -91 -60 70 30 73 62 -27 -81 14 30 64 -8
-48 -73 -22 -27 -20 -80 -85 73 0 13 23 58 -12 -17 13 -69 61 0 -71 -77 -77 -99 -52 75 -84
-95 -67 90 46 80 22 80 50 13 0 -14 39 -32 40 68 76 53 -35 -91 78 27 10 53 -80 49
-34 -82 -4 -37 -11 -95 -73 -55 23 -14 0 -90 -82 37 -93 -13 51 66 -23 23 -31 6 -47 14 81
-55 -19 10 -10 51 29 11 53 58 39 -90 0 92 -15 68 90 -42 8 16 -48 75 76 97 -79 23
75 -87 86 65 42 95 20 74 -12 -32 -82 92 0 -35 94 12 15 64 -60 23 -55 -94 51 27 -88
35 12 72 -33 -66 68 -73 -91 -17 40 37 -15 -35 0 -65 84 -30 -82 -24 8 57 -35 67 99 -57
5 -32 -48 -71 73 68 1 -60 13 68 -93 68 94 -65 0 92 97 26 -14 -46 -83 -33 78 -38 -19
11 8 37 -39 -82 -22 -26 70 -69 76 -13 90 12 84 92 0 14 30 73 -20 92 -23 -65 -53 89
-50 82 -10 -67 -67 58 -99 30 61 53 51 -42 15 -30 97 14 0 -64 20 77 -1 -96 -64 -40 -44
-98 -22 -56 67 69 -18 -90 73 0 -35 66 8 64 -82 26 30 -64 0 -65 23 7 63 -35 16 -85
89 92 37 32 25 -49 76 62 -71 -91 -23 16 -60 -24 -14 73 20 -65 0 27 -86 -74 -1 32 -62
43 -23 91 -72 -58 -16 64 -27 -77 78 23 -48 23 8 -46 -20 77 23 27 0 96 5 4 57 -82
-44 88 -48 -34 34 0 -17 -81 -77 27 -31 75 -55 57 -83 92 -1 7 -86 96 0 -37 -96 36 -12
48 36 -6 66 92 71 84 14 -99 10 6 76 -94 -35 -33 -23 -96 63 -74 5 -37 0 -1 25 -98
74 80 -35 64 76 46 -4 30 -52 53 -47 97 51 67 78 -65 -64 -35 -1 4 -96 -1 0 -99 -54
-23 -49 -67 -70 92 94 -5 64 75 -80 14 -79 27 99 -38 -53 -40 16 32 57 36 25 -99 0 -3
43 -18 42 -15 -7 -79 31 -8 -84 49 81 23 -88 -57 -19 89 -44 -85 -62 -82 -12 -98 -54 -3 0

0 93 73 -12 -61 -83 16 -85 5 -5 -90 18 58 19 -94 -20 -78 -95 68 -34 -41 64 -17 -97 -89
93 0 -85 27 -17 -13 -83 -44 58 -81 -44 -72 32 95 -57 -25 -76 56 -86 56 -75 55 -27 23 83
73 -85 0 -47 54 18 -80 -68 40 -46 -40 12 -30 99 -57 18 -18 7 61 -97 34 76 -18 78 61
-12 27 -47 0 -59 36 9 21 -38 -67 69 -64 17 94 6 62 30 54 -93 11 -75 37 82 12 15
-61 -17 54 -59 0 97 98 -41 57 37 -19 -20 77 64 -46 -63 91 67 -30 68 -97 -57 82 -90 74
-83 -13 18 36 97 0 54 -21 56 -93 -26 -58 93 12 -11 60 -66 -58 -30 -9 -79 20 -79 91 16
16 -83 -80 9 98 54 0 -12 -4 -24 55 92 -11 -44 30 50 17 -26 1 -71 -46 -65 79 12 -31
-85 -44 -68 21 -41 -21 -12 0 -69 -26 82 0 -94 -9 -94 -96 74 91 78 71 -75 -55 38 29 -81
5 58 40 -38 57 56 -4 -69 0 -78 31 60 -67 0 -72 37 -3 -58 43 -33 5 18 51 -92 26
-5 -81 -46 -67 37 -93 -24 -26 -78 0 31 -8 -55 -90 68 -7 -91 -33 -29 -52 -58 -42 -40 78 52
-90 -44 -40 69 -19 -26 55 82 31 31 0 -1 -66 -62 -61 0 -83 58 14 93 75 41 -76 -67 -32
18 -72 12 -64 -20 -58 92 0 60 -8 -1 0 -8 57 -59 -37 5 -63 6 -30 2 58 -11 -42 86
58 32 -30 17 77 93 -11 -94 -67 -55 -66 -8 0 -37 -10 -19 -2 -12 -46 30 -52 62 61 17 8
19 95 99 94 64 12 -44 -9 0 -90 -62 57 -37 0 39 -29 -18 -38 91 38 77 87 48 67 59
-94 -57 -57 6 -46 -11 30 -94 -72 68 -61 -59 -10 39 0 47 -44 31 55 44 96 8 31 -44 -20
-20 -25 18 62 -63 60 50 -96 37 -7 0 -37 -19 -29 47 0 22 1 -32 -34 14 -89 -19 -47 -66
-78 -76 -18 30 91 -66 17 74 -3 -91 -83 5 -2 -18 -44 22 0 40 83 22 -88 47 80 40 15
-95 56 7 54 67 -58 -26 91 -58 -33 58 -63 -12 -38 31 1 40 0 -16 12 60 -4 74 40 -74
68 -86 61 -93 -30 -30 1 78 43 -29 14 6 -46 91 55 -32 83 -16 0 -3 60 -32 9 -89 37
-34 56 -97 11 68 -9 -71 71 -33 -52 93 -30 30 38 44 -34 22 12 -3 0 94 -20 83 -80 -35
-41 -75 34 -75 -97 -79 -46 -75 5 -58 75 2 -52 77 96 14 -88 60 60 94 0 -5 -64 -29 -64
64 55 76 37 -57 20 -65 -55 18 -42 41 58 62 87 8 -89 47 -4 -32 -20 -5 0 -18 95 -70
-17 -27 -18 82 82 -79 79 38 51 -40 -76 -11 61 48 31 -19 80 74 9 83 -64 -18 0 -47 74
-97 23 78 12 -90 91 12 29 -92 78 -67 -42 17 67 -44 -47 40 40 -89 -80 -29 95 -47 0 25
-89 83 61 15 74 16 -31 -81 26 52 -32 86 8 59 -20 -66 15 -74 37 -35 -64 -70 74 25 0
